0.00509469 0.29866064
0.00523720 0.29371023
0.00538372 0.28233710
0.00553432 0.27899238
0.00568915 0.26761925
0.00584830 0.26106317
0.00601191 0.25129572
0.00618009 0.24473964
0.00635299 0.23336651
0.00653070 0.22841610
0.00671341 0.21704298
0.00690122 0.21048689
0.00709429 0.19911376
0.00729274 0.19416336
0.00749678 0.18118455
0.00770649 0.17623415
0.00792209 0.16486102
0.00814371 0.15669925
0.00837153 0.14853749
0.00860575 0.13716436
0.00884647 0.13381964
0.00909396 0.12405219
0.00934836 0.11589043
0.00960985 0.11254570
0.00979720 0.11566371
0.01021138 0.07211029
0.01049695 0.07839965
0.01079063 0.06702652
0.01109244 0.06689316
0.01140281 0.05070299
0.01172174 0.05056963
0.01204964 0.04561922
0.01238669 0.04227450
0.01273314 0.04214114
0.01308935 0.03397937
0.01345546 0.03384601
0.01383181 0.03371265
0.01406265 0.03363263
0.01817543 0.03239236
0.01963484 0.04004735
0.02035165 0.04790238
0.02092061 0.06864287
0.02150555 0.08296063
0.02210704 0.08443295
0.02272509 0.10356776
0.02336035 0.12751961
0.02401336 0.15147146
0.02468461 0.17702899
0.02537454 0.20740356
0.02608359 0.24741221
0.02681254 0.28260383
0.02756181 0.32100680
0.02833187 0.36743818
0.02912332 0.42029229
0.02993679 0.47796343
0.03077298 0.53563457
0.03163250 0.59491140
0.03251566 0.67185071
0.03342341 0.75200139
0.03426203 0.82413699
0.03502493 0.89628594
0.03590375 0.96775251
0.03663539 1.05663619
0.03749011 1.14598377
0.03838471 1.24450413
0.03920808 1.33386061
0.04004887 1.43239240
0.04074686 1.52845827
0.04133329 1.61482807
0.04199759 1.70226032
0.04269588 1.79852114
0.04349121 1.90108048
0.04415167 1.99666001
0.04483645 2.08650345
0.04535608 2.18559822
0.04585680 2.27185022
0.04636323 2.35208091
0.04687519 2.43431870
0.04739262 2.52257780
0.04791583 2.60882979
0.04844493 2.69106759
0.04897976 2.77731958
0.04952048 2.86357158
0.05009491 2.94660954
0.05061933 3.05413947
0.05117730 3.16648378
0.05174143 3.27882809
0.05231178 3.39117239
0.05288836 3.50485477
0.05347117 3.62255134
0.05406053 3.73623372
0.05465658 3.84456382
0.05528987 3.94807422
0.05556172 4.04318680
0.05617511 4.12943879
0.05648272 4.21772456
0.05688591 4.31081937
0.05719723 4.40392218
0.05783850 4.51198378
0.05814395 4.61579202
0.05846215 4.70889483
0.05911761 4.81695643
0.05942981 4.92076467
0.05975505 5.01386748
0.06042439 5.13798589
0.06074361 5.23858276
0.06142465 5.34664437
0.06174903 5.45045260
0.06198443 5.53995063
0.06266793 5.64627364
0.06311411 5.76827070
0.06345925 5.86779623
0.06380629 5.96732177
0.06404892 6.07167234
0.06450592 6.16958419
0.06485868 6.26910973
0.06521337 6.36863526
0.06556972 6.47458352
0.06592830 6.57410905
0.06628883 6.67363458
0.06654091 6.77798516
0.06701569 6.87589701
0.06738218 6.97542254
0.06775066 7.07494808
0.06812088 7.18089633
0.06849341 7.28042187
0.06886797 7.37994740
0.06924459 7.47947293
0.06950831 7.57459085
0.06992694 7.67531797
0.07027054 7.77524759
0.07065428 7.88694954
0.07112282 8.02779652
0.07138638 8.16013220
0.07181537 8.28159937
0.07220646 8.41671749
0.07268530 8.55756447
0.07295464 8.68990015
0.07339287 8.81538153
0.07379328 8.93511187

