0.0051184899 0.049098923
0.0052624204 0.052234630
0.0054104065 0.056988506
0.0055625284 0.056887873
0.0057189628 0.063259919
0.0058798148 0.072868303
0.0061126421 0.087290943
0.0062845376 0.092044819
0.0064613369 0.10812588
0.0066430997 0.12258877
0.0068299652 0.13543350
0.0070220869 0.14827822
0.0072196687 0.16921379
0.0074228214 0.19176753
0.0076316670 0.21108493
0.0078464127 0.23363867
0.0080672386 0.26104692
0.0082943049 0.29169151
0.0085277755 0.32395427
0.0087677909 0.35298069
0.0090146312 0.39009795
0.0092684923 0.43530606
0.0095294730 0.47727784
0.0097978175 0.52086778
0.010073781 0.57093040
0.010357629 0.63232021
0.010649441 0.69047368
0.010949493 0.75024532
0.011258068 0.81648963
0.011575482 0.89567931
0.011868789 0.96604653
0.012169651 1.0470667
0.012512716 1.1219413
0.012834954 1.2004461
0.013144820 1.2928266
0.013436661 1.3902998
0.013743464 1.4706643
0.014064110 1.5624698
0.014341089 1.6594895
0.014611935 1.7559342
0.014837178 1.8462653
0.015108949 1.9384354
0.015341786 2.0241432
0.015591828 2.1122751
0.015854850 2.2079564
0.016113499 2.3120003
0.016303676 2.4033846
0.016496047 2.4915325
0.016755750 2.5885664
0.016953514 2.6803552
0.017143890 2.7592007
0.017336437 2.8400689
0.017540994 2.9282169
0.017817202 3.0284871
0.018027613 3.1271531
0.018230461 3.2295969
0.018435686 3.3374347
0.018665404 3.4460386
0.018863514 3.5509505
0.019118305 3.6629604
0.019279903 3.7660886
0.019496591 3.8550476
0.019715969 3.9574914
0.019938020 4.0707231
0.020162883 4.2001364
0.020401614 4.3306264
0.020505589 4.4272939
0.020736519 4.5398513
0.020982043 4.6703414
0.021088975 4.7670089
0.021326421 4.8768693
0.021567109 5.0143735
0.021810514 5.1518776
0.022056524 5.2826394
0.022317602 5.4096234
0.022431098 5.4949638
0.022545474 5.5683610
0.022696881 5.6344886
0.022812650 5.7356061
0.022941463 5.8245853
0.023070914 5.9095191
0.023201185 5.9984983
0.023332101 6.0834320
0.023463847 6.1724112
0.023596337 6.2613904
0.023729483 6.3463242
0.023863473 6.4353034
0.023998127 6.5202372
0.024133633 6.6092164
0.024269905 6.6981956
0.024406852 6.7831293
0.024544667 6.8721085
0.024683164 6.9570423
0.024822539 7.0460215
0.024962749 7.1370234
0.025145589 7.2296374
0.025245646 7.3230726
0.025402486 7.4205452
0.025546515 7.5337969
0.025691320 7.6454305
0.025836826 7.7522096
0.025983237 7.8622250
0.026130437 7.9706222
0.026278593 8.0838739
0.026427589 8.1971257
0.026577429 8.3103774
0.026728119 8.4236291
0.026879622 8.5352627
0.027031984 8.6468963
0.027170096 8.7569137
0.027323671 8.8519610
0.027478062 8.9449856

