0.817585 0.035054
0.818715 0.033399
0.820867 0.030230
0.823818 0.029042
0.830631 0.026355
0.834322 0.025172
0.840179 0.022662
0.844087 0.021350
0.849507 0.018669
0.852980 0.017441
0.858444 0.014649
0.861654 0.013270
0.865364 0.011007
0.868268 0.009646
0.873134 0.006089
0.875299 0.004630
0.880138 0.001750
0.882769 0.000662
0.878229 0.045402
0.873441 0.045394
0.863425 0.045010
0.858636 0.044821
0.848837 0.044333
0.844265 0.044118
0.834676 0.042607
0.829882 0.041875
0.824205 0.039631
0.820494 0.038253
0.888242 0.045405
0.893030 0.045406
0.903478 0.045403
0.908266 0.045410
0.918278 0.045407
0.923067 0.045414
0.933514 0.045411
0.938303 0.045419
0.948315 0.045421
0.953104 0.045423
0.963551 0.045419
0.968340 0.045420
0.978352 0.045397
0.983136 0.044920
0.992701 0.043317
0.996392 0.042112
0.999996 0.040922

