0.999996 0.040922
0.996392 0.042112
0.992701 0.043317
0.987920 0.044257
0.983136 0.044920
0.978352 0.045397
0.971167 0.045143
0.968340 0.045420
0.963551 0.045419
0.955933 0.045388
0.953104 0.045423
0.948315 0.045421
0.940915 0.045419
0.938303 0.045419
0.933514 0.045411
0.925678 0.045344
0.923067 0.045414
0.918278 0.045407
0.910878 0.045411
0.908266 0.045410
0.903478 0.045403
0.895859 0.045371
0.893030 0.045406
0.888242 0.045405
0.880841 0.045403
0.878229 0.045402
0.873441 0.045394
0.863425 0.045010
0.858636 0.044821
0.848558 0.044636
0.844265 0.044118
0.840053 0.043612
0.834676 0.042607
0.829882 0.041875
0.824205 0.039631
0.820494 0.038253

