0.0054437754 0.031053995
0.0055971071 0.023746702
0.0057822636 0.023746702
0.0059735453 0.023746702
0.0062047195 0.023746702
0.0063751188 0.0079155673
0.0066220233 0.023746702
0.0068051453 0.014966745
0.0070673932 0.023746702
0.0072305188 0.014966745
0.0074207575 0.0079155673
0.0076664612 0.023746702
0.0078772297 0.023746702
0.0081378145 0.023746702
0.0083615414 0.023746702
0.0085449435 0.023746702
0.0085914192 0.023746702
0.0088177895 0.031053995
0.0088273641 0.0079155673
0.0092155947 0.047677487
0.0094732916 0.058402320
0.0097382322 0.071272120
0.0099476128 0.087071240
0.010234252 0.11149024
0.010520689 0.13562112
0.010815237 0.16457817
0.011118128 0.19836139
0.011429502 0.23214462
0.011749734 0.27236274
0.012078937 0.31258087
0.012417328 0.35119027
0.012764902 0.37692987
0.013122052 0.39623457
0.013488842 0.40106074
0.013865763 0.40106074
0.014253341 0.40588692
0.014651923 0.41714799
0.015061389 0.41875672
0.015482657 0.43323524
0.015915524 0.44127887
0.016360635 0.45414867
0.016818293 0.47023592
0.017288752 0.48632317
0.017772476 0.50562787
0.018269733 0.52493257
0.018781067 0.54906344
0.019306769 0.57480304
0.019847301 0.60376009
0.020403085 0.63593459
0.020974676 0.67454399
0.021562030 0.70671849
0.022166283 0.75015407
0.022787535 0.79519837
0.023426336 0.84346012
0.024083254 0.89654804
0.024758378 0.94480979
0.025453315 1.0123762
0.026167683 1.0783340
0.026902334 1.1491179
0.027658094 1.2295541
0.028434671 1.3019467
0.029153339 1.3884157
0.029807149 1.4608083
0.030475844 1.5372228
0.031211312 1.6172568
0.031841088 1.6912582
0.032484548 1.7818830
0.033183694 1.8730441
0.033928549 1.9561616
0.034531481 2.0446415
0.035112771 2.1317807
0.035625006 2.2157025
0.036276232 2.3051017
0.036834674 2.3926623
0.037434132 2.4803378
0.038065022 2.5782019
0.038707483 2.6894721
0.039360787 2.8007422
0.040025117 2.9120123
0.040677404 3.0120214
0.041157212 3.0956751
0.041619490 3.1761114
0.042087573 3.2645912
0.042561539 3.3611147
0.043040529 3.4536164
0.043403859 3.5300309
0.043989273 3.6233369
0.044510088 3.7311215
0.045011007 3.8236232
0.045390971 3.9000376
0.046027926 3.9858363
0.046547958 4.1024688
0.047073523 4.2150796
0.047605138 4.3290309
0.048142990 4.4456635
0.048686801 4.5609555
0.049236754 4.6762474
0.049793161 4.7942206
0.050355368 4.9068313
0.050925033 5.0315075
0.051502641 5.1722710
0.052087053 5.3157156
0.052677841 5.4564791
0.053275846 5.6026049
0.053804031 5.7239296
0.054215863 5.8256814
0.054800130 5.9618868
0.055422094 6.1066721
0.056051252 6.2527979
0.056716113 6.3726479
0.057008199 6.4699758
0.057332675 6.5604666
0.057658578 6.6469356
0.057986966 6.7394372
0.058317012 6.8299280
0.058648937 6.9204188
0.058982751 7.0109096
0.059318034 7.0973786
0.059655656 7.1878693
0.059994982 7.2763492
0.060336457 7.3668400
0.060679876 7.4573308
0.061025250 7.5478216
0.061372590 7.6383123
0.061721457 7.7247813
0.062072985 7.8172830
0.062253346 7.8977192
0.062815576 7.9926340
0.063174898 8.0988099
0.063536828 8.2098119
0.063900275 8.3159877
0.064266175 8.4253810
0.064634170 8.5347743
0.064878704 8.6417546
0.065376873 8.7567784
0.065715092 8.8669761
0.065905557 8.9433905

