0.00814087 0.49284271
0.00845349 0.50480657
0.00900201 0.51294340
0.00970792 0.51294340
0.01046942 0.50885872
0.01129040 0.50885872
0.01202431 0.49679882
0.01248769 0.48502474
0.01346812 0.46975888
0.01434328 0.46230709
0.01566492 0.45135046
0.01647495 0.43714448
0.01754664 0.42001412
0.01965225 0.40679443
0.02093108 0.38774095
0.02257540 0.36957989
0.02528446 0.35794759
0.02560517 0.35509718
0.02727137 0.33846510
0.02941249 0.32781212
0.03172241 0.31496616
0.03464619 0.30505279
0.03643773 0.29545144
0.03929766 0.28844927
0.04030441 0.27493885
0.04133514 0.26628532
0.04239224 0.25790415
0.04458530 0.24779767

