0.03946645 0.22847819
0.03854969 0.22848199
0.03765422 0.22848580
0.03677955 0.22848961
0.03592520 0.22849341
0.04040636 0.23190985
0.03946776 0.23191372
0.03855097 0.23191758
0.03765547 0.23192144
0.03678078 0.23192531
0.03592640 0.23192917
0.03509187 0.23193303
0.03427672 0.23193690
0.03348051 0.23194076
0.04040771 0.23539698
0.03946908 0.23540090
0.03855225 0.23540482
0.03765673 0.23540875
0.03678200 0.23541267
0.03592759 0.23541659
0.03509303 0.23542051
0.03427786 0.23542443
0.03348162 0.23542835
0.03270388 0.23543227
0.03194420 0.23543620
0.03120217 0.23544012
0.03047738 0.23544404
0.04137004 0.23893257
0.04040905 0.23893655
0.03947039 0.23894053
0.03855354 0.23894451
0.03765798 0.23894849
0.03678323 0.23895247
0.03592879 0.23895645
0.03509420 0.23896043
0.03427900 0.23896441
0.03348274 0.23896839
0.03270497 0.23897237
0.03194527 0.23897635
0.03120321 0.23898033
0.03047840 0.23898431
0.02977041 0.23898829
0.02907888 0.23899227
0.04235528 0.24252125
0.04137141 0.24252529
0.04041040 0.24252933
0.03947171 0.24253337
0.03855482 0.24253741
0.03765924 0.24254145
0.03678445 0.24254549
0.03592999 0.24254953
0.03509537 0.24255357
0.03428014 0.24255761
0.03348385 0.24256165
0.03270606 0.24256569
0.03194633 0.24256973
0.03120425 0.24257377
0.03047941 0.24257782
0.02977141 0.24258186
0.02907985 0.24258590
0.02840435 0.24258994
0.02774455 0.24259398
0.04235669 0.24616794
0.04137279 0.24617204
0.04041175 0.24617614
0.03947302 0.24618024
0.03855611 0.24618434
0.03766049 0.24618844
0.03678568 0.24619254
0.03593119 0.24619665
0.03509654 0.24620075
0.03428129 0.24620485
0.03348497 0.24620895
0.03270715 0.24621305
0.03194740 0.24621715
0.03120529 0.24622125
0.03048043 0.24622535
0.02977240 0.24622946
0.02908082 0.24623356
0.02840530 0.24623766
0.02774548 0.24624176
0.02710098 0.24624586
0.02647145 0.24624996
0.04235810 0.24986946
0.04137417 0.24987363
0.04041309 0.24987779
0.03947434 0.24988195
0.03855739 0.24988611
0.03766175 0.24989027
0.03678690 0.24989444
0.03593238 0.24989860
0.03509771 0.24990276
0.03428243 0.24990692
0.03348608 0.24991109
0.03270824 0.24991525
0.03194846 0.24991941
0.03120633 0.24992358
0.03048144 0.24992774
0.02977339 0.24993190
0.02908179 0.24993607
0.02840625 0.24994023
0.02774640 0.24994439
0.02710188 0.24994855
0.02647233 0.24995272
0.02585741 0.24995688
0.02525677 0.24996105
0.04235952 0.25362664
0.04137555 0.25363087
0.04041444 0.25363509
0.03947565 0.25363932
0.03855868 0.25364354
0.03766300 0.25364777
0.03678813 0.25365199
0.03593358 0.25365622
0.03509888 0.25366044
0.03428357 0.25366467
0.03348720 0.25366889
0.03270933 0.25367312
0.03194952 0.25367734
0.03120737 0.25368157
0.03048246 0.25368580
0.02977438 0.25369002
0.02908276 0.25369425
0.02840719 0.25369847
0.02774732 0.25370270
0.02710278 0.25370692
0.02647321 0.25371115
0.02585827 0.25371538
0.02525761 0.25371960
0.02467090 0.25372383
0.02409782 0.25372805
0.04137693 0.25744461
0.04041579 0.25744889
0.03947697 0.25745318
0.03855996 0.25745747
0.03766425 0.25746176
0.03678935 0.25746605
0.03593478 0.25747034
0.03510005 0.25747463
0.03428471 0.25747891
0.03348832 0.25748320
0.03271042 0.25748749
0.03195059 0.25749178
0.03120841 0.25749607
0.03048347 0.25750036
0.02977537 0.25750465
0.02908372 0.25750894
0.02840814 0.25751323
0.02774825 0.25751752
0.02710369 0.25752181
0.02647410 0.25752610
0.02585913 0.25753039
0.02525845 0.25753468
0.02467172 0.25753897
0.02409863 0.25754325
0.02353884 0.25754754
0.04041713 0.26132004
0.03947828 0.26132440
0.03856125 0.26132875
0.03766551 0.26133310
0.03679058 0.26133746
0.03593597 0.26134181
0.03510122 0.26134616
0.03428586 0.26135051
0.03348943 0.26135487
0.03271151 0.26135922
0.03195165 0.26136357
0.03120945 0.26136793
0.03048449 0.26137228
0.02977637 0.26137664
0.02908469 0.26138099
0.02840909 0.26138534
0.02774917 0.26138970
0.02710459 0.26139405
0.02647498 0.26139841
0.02585999 0.26140276
0.02525929 0.26140711
0.02467255 0.26141147
0.02409943 0.26141582
0.02353963 0.26142018
0.02299282 0.26142453
0.02245873 0.26142889
0.04041848 0.26524940
0.03947960 0.26525382
0.03856253 0.26525824
0.03766676 0.26526266
0.03679181 0.26526707
0.03593717 0.26527149
0.03510239 0.26527591
0.03428700 0.26528033
0.03349055 0.26528475
0.03271260 0.26528917
0.03195272 0.26529359
0.03121049 0.26529801
0.03048550 0.26530243
0.02977736 0.26530684
0.02908566 0.26531126
0.02841003 0.26531568
0.02775010 0.26532010
0.02710549 0.26532452
0.02647586 0.26532894
0.02586085 0.26533336
0.02526013 0.26533778
0.02467337 0.26534220
0.02410023 0.26534662
0.02354041 0.26535104
0.02299359 0.26535546
0.02245947 0.26535988
0.02193776 0.26536430
0.03948092 0.26924233
0.03856382 0.26924681
0.03766802 0.26925130
0.03679303 0.26925578
0.03593837 0.26926027
0.03510356 0.26926475
0.03428814 0.26926924
0.03349166 0.26927372
0.03271369 0.26927821
0.03195378 0.26928269
0.03121153 0.26928718
0.03048652 0.26929166
0.02977835 0.26929615
0.02908663 0.26930064
0.02841098 0.26930512
0.02775102 0.26930961
0.02710640 0.26931409
0.02647674 0.26931858
0.02586172 0.26932306
0.02526098 0.26932755
0.02467419 0.26933204
0.02410104 0.26933652
0.02354119 0.26934101
0.02299436 0.26934550
0.02246022 0.26934998
0.02193850 0.26935447
0.02142889 0.26935896
0.02093112 0.26936344
0.03948223 0.27329081
0.03856510 0.27329536
0.03766927 0.27329991
0.03679426 0.27330447
0.03593957 0.27330902
0.03510473 0.27331357
0.03428928 0.27331812
0.03349278 0.27332268
0.03271478 0.27332723
0.03195485 0.27333178
0.03121257 0.27333633
0.03048754 0.27334089
0.02977934 0.27334544
0.02908760 0.27334999
0.02841193 0.27335455
0.02775195 0.27335910
0.02710730 0.27336365
0.02647762 0.27336821
0.02586258 0.27337276
0.02526182 0.27337731
0.02467501 0.27338187
0.02410184 0.27338642
0.02354198 0.27339098
0.02299512 0.27339553
0.02246097 0.27340008
0.02193923 0.27340464
0.02142960 0.27340919
0.02093181 0.27341375
0.02044559 0.27341830
0.01997066 0.27342285
0.03856639 0.27740479
0.03767053 0.27740941
0.03679548 0.27741403
0.03594076 0.27741865
0.03510590 0.27742327
0.03429042 0.27742789
0.03349389 0.27743251
0.03271587 0.27743713
0.03195591 0.27744175
0.03121361 0.27744638
0.03048855 0.27745100
0.02978033 0.27745562
0.02908857 0.27746024
0.02841287 0.27746486
0.02775287 0.27746948
0.02710820 0.27747411
0.02647851 0.27747873
0.02586344 0.27748335
0.02526266 0.27748797
0.02467583 0.27749259
0.02410264 0.27749722
0.02354276 0.27750184
0.02299589 0.27750646
0.02246172 0.27751108
0.02193996 0.27751571
0.02143032 0.27752033
0.02093251 0.27752495
0.02044627 0.27752957
0.01997133 0.27753420
0.01950741 0.27753882
0.01905428 0.27754344
0.03856767 0.28157600
0.03767178 0.28158069
0.03679671 0.28158538
0.03594196 0.28159007
0.03510707 0.28159476
0.03429157 0.28159945
0.03349501 0.28160415
0.03271696 0.28160884
0.03195698 0.28161353
0.03121465 0.28161822
0.03048957 0.28162291
0.02978133 0.28162760
0.02908954 0.28163229
0.02841382 0.28163698
0.02775380 0.28164167
0.02710910 0.28164636
0.02647939 0.28165106
0.02586430 0.28165575
0.02526350 0.28166044
0.02467666 0.28166513
0.02410344 0.28166982
0.02354355 0.28167451
0.02299666 0.28167921
0.02246247 0.28168390
0.02194069 0.28168859
0.02143103 0.28169328
0.02093321 0.28169797
0.02044695 0.28170267
0.01997199 0.28170736
0.01950806 0.28171205
0.01905491 0.28171674
0.01861229 0.28172144
0.03679793 0.28581946
0.03594316 0.28582422
0.03510824 0.28582898
0.03429271 0.28583375
0.03349613 0.28583851
0.03271805 0.28584327
0.03195804 0.28584803
0.03121569 0.28585279
0.03049058 0.28585755
0.02978232 0.28586231
0.02909051 0.28586707
0.02841477 0.28587184
0.02775472 0.28587660
0.02711001 0.28588136
0.02648027 0.28588612
0.02586516 0.28589088
0.02526434 0.28589565
0.02467748 0.28590041
0.02410425 0.28590517
0.02354433 0.28590993
0.02299742 0.28591470
0.02246322 0.28591946
0.02194142 0.28592422
0.02143174 0.28592898
0.02093391 0.28593375
0.02044763 0.28593851
0.01997266 0.28594327
0.01950871 0.28594803
0.01905555 0.28595280
0.01861291 0.28595756
0.01818055 0.28596232
0.01775823 0.28596709
0.03594435 0.29012204
0.03510941 0.29012687
0.03429385 0.29013170
0.03349724 0.29013654
0.03271914 0.29014137
0.03195911 0.29014620
0.03121673 0.29015104
0.03049160 0.29015587
0.02978331 0.29016070
0.02909148 0.29016554
0.02841571 0.29017037
0.02775565 0.29017520
0.02711091 0.29018004
0.02648115 0.29018487
0.02586602 0.29018970
0.02526518 0.29019454
0.02467830 0.29019937
0.02410505 0.29020420
0.02354512 0.29020904
0.02299819 0.29021387
0.02246396 0.29021871
0.02194215 0.29022354
0.02143246 0.29022837
0.02093460 0.29023321
0.02044832 0.29023804
0.01997332 0.29024288
0.01950936 0.29024771
0.01905618 0.29025255
0.01861353 0.29025738
0.01818115 0.29026222
0.01775883 0.29026705
0.01734631 0.29027189
0.03429499 0.29449429
0.03349836 0.29449920
0.03272023 0.29450410
0.03196017 0.29450901
0.03121777 0.29451391
0.03049261 0.29451882
0.02978430 0.29452372
0.02909245 0.29452863
0.02841666 0.29453354
0.02775657 0.29453844
0.02711181 0.29454335
0.02648204 0.29454825
0.02586689 0.29455316
0.02526603 0.29455807
0.02467912 0.29456297
0.02410585 0.29456788
0.02354590 0.29457279
0.02299895 0.29457769
0.02246471 0.29458260
0.02194288 0.29458751
0.02143317 0.29459241
0.02093530 0.29459732
0.02044900 0.29460223
0.01997399 0.29460714
0.01951001 0.29461204
0.01905682 0.29461695
0.01861415 0.29462186
0.01818176 0.29462677
0.01775942 0.29463167
0.01734688 0.29463658
0.01694394 0.29464149
0.03349947 0.29892745
0.03272132 0.29893243
0.03196124 0.29893741
0.03121881 0.29894239
0.03049363 0.29894737
0.02978530 0.29895235
0.02909341 0.29895733
0.02841761 0.29896231
0.02775749 0.29896729
0.02711272 0.29897227
0.02648292 0.29897725
0.02586775 0.29898223
0.02526687 0.29898721
0.02467995 0.29899219
0.02410666 0.29899717
0.02354668 0.29900215
0.02299972 0.29900713
0.02246546 0.29901211
0.02194361 0.29901709
0.02143389 0.29902207
0.02093600 0.29902706
0.02044968 0.29903204
0.01997465 0.29903702
0.01951066 0.29904200
0.01905745 0.29904698
0.01861477 0.29905196
0.01818237 0.29905694
0.01776001 0.29906192
0.01734746 0.29906691
0.01694450 0.29907189
0.01655090 0.29907687
0.01616644 0.29908185
0.03272241 0.30342735
0.03196230 0.30343241
0.03121985 0.30343746
0.03049465 0.30344252
0.02978629 0.30344757
0.02909438 0.30345262
0.02841855 0.30345768
0.02775842 0.30346273
0.02711362 0.30346779
0.02648380 0.30347284
0.02586861 0.30347790
0.02526771 0.30348295
0.02468077 0.30348801
0.02410746 0.30349306
0.02354747 0.30349812
0.02300049 0.30350317
0.02246621 0.30350823
0.02194434 0.30351329
0.02143460 0.30351834
0.02093670 0.30352340
0.02045036 0.30352845
0.01997532 0.30353351
0.01951131 0.30353856
0.01905809 0.30354362
0.01861539 0.30354868
0.01818297 0.30355373
0.01776060 0.30355879
0.01734804 0.30356385
0.01694506 0.30356890
0.01655145 0.30357396
0.01616698 0.30357902
0.01579143 0.30358407
0.03196336 0.30799499
0.03122089 0.30800012
0.03049566 0.30800525
0.02978728 0.30801038
0.02909535 0.30801551
0.02841950 0.30802064
0.02775934 0.30802577
0.02711452 0.30803090
0.02648468 0.30803603
0.02586947 0.30804117
0.02526855 0.30804630
0.02468159 0.30805143
0.02410826 0.30805656
0.02354825 0.30806169
0.02300125 0.30806682
0.02246696 0.30807195
0.02194507 0.30807708
0.02143531 0.30808222
0.02093739 0.30808735
0.02045104 0.30809248
0.01997598 0.30809761
0.01951196 0.30810274
0.01905872 0.30810788
0.01861601 0.30811301
0.01818358 0.30811814
0.01776119 0.30812327
0.01734862 0.30812841
0.01694563 0.30813354
0.01655200 0.30813867
0.01616751 0.30814380
0.01579196 0.30814894
0.01542513 0.30815407
0.01506682 0.30815920
0.03196443 0.31262618
0.03122193 0.31263139
0.03049668 0.31263659
0.02978827 0.31264180
0.02909632 0.31264701
0.02842045 0.31265222
0.02776027 0.31265742
0.02711543 0.31266263
0.02648556 0.31266784
0.02587033 0.31267305
0.02526939 0.31267826
0.02468241 0.31268346
0.02410907 0.31268867
0.02354904 0.31269388
0.02300202 0.31269909
0.02246771 0.31270430
0.02194581 0.31270951
0.02143603 0.31271472
0.02093809 0.31271993
0.02045172 0.31272513
0.01997665 0.31273034
0.01951261 0.31273555
0.01905936 0.31274076
0.01861663 0.31274597
0.01818418 0.31275118
0.01776178 0.31275639
0.01734920 0.31276160
0.01694619 0.31276681
0.01655255 0.31277202
0.01616805 0.31277723
0.01579249 0.31278244
0.01542564 0.31278765
0.01506732 0.31279286
0.01471732 0.31279807
0.03049769 0.31733758
0.02978926 0.31734286
0.02909729 0.31734815
0.02842139 0.31735343
0.02776119 0.31735872
0.02711633 0.31736401
0.02648645 0.31736929
0.02587120 0.31737458
0.02527023 0.31737987
0.02468323 0.31738515
0.02410987 0.31739044
0.02354982 0.31739573
0.02300278 0.31740101
0.02246845 0.31740630
0.02194654 0.31741159
0.02143674 0.31741687
0.02093879 0.31742216
0.02045240 0.31742745
0.01997732 0.31743274
0.01951326 0.31743802
0.01905999 0.31744331
0.01861725 0.31744860
0.01818479 0.31745389
0.01776238 0.31745917
0.01734977 0.31746446
0.01694676 0.31746975
0.01655310 0.31747504
0.01616859 0.31748033
0.01579301 0.31748561
0.01542616 0.31749090
0.01506782 0.31749619
0.01471781 0.31750148
0.01437594 0.31750677
0.01404200 0.31751206
0.02979026 0.32211461
0.02909826 0.32211998
0.02842234 0.32212534
0.02776212 0.32213071
0.02711723 0.32213607
0.02648733 0.32214144
0.02587206 0.32214680
0.02527108 0.32215217
0.02468406 0.32215754
0.02411067 0.32216290
0.02355061 0.32216827
0.02300355 0.32217364
0.02246920 0.32217900
0.02194727 0.32218437
0.02143746 0.32218974
0.02093949 0.32219510
0.02045308 0.32220047
0.01997798 0.32220584
0.01951391 0.32221120
0.01906063 0.32221657
0.01861787 0.32222194
0.01818539 0.32222730
0.01776297 0.32223267
0.01735035 0.32223804
0.01694732 0.32224341
0.01655365 0.32224877
0.01616913 0.32225414
0.01579354 0.32225951
0.01542667 0.32226488
0.01506833 0.32227025
0.01471831 0.32227561
0.01437641 0.32228098
0.01404247 0.32228635
0.01371627 0.32229172
0.02842329 0.32696900
0.02776304 0.32697445
0.02711814 0.32697989
0.02648821 0.32698534
0.02587292 0.32699079
0.02527192 0.32699623
0.02468488 0.32700168
0.02411148 0.32700713
0.02355139 0.32701258
0.02300432 0.32701802
0.02246995 0.32702347
0.02194800 0.32702892
0.02143817 0.32703436
0.02094018 0.32703981
0.02045377 0.32704526
0.01997865 0.32705071
0.01951456 0.32705615
0.01906126 0.32706160
0.01861849 0.32706705
0.01818600 0.32707250
0.01776356 0.32707795
0.01735093 0.32708339
0.01694789 0.32708884
0.01655421 0.32709429
0.01616967 0.32709974
0.01579406 0.32710519
0.01542719 0.32711064
0.01506883 0.32711609
0.01471880 0.32712153
0.01437689 0.32712698
0.01404293 0.32713243
0.01371673 0.32713788
0.01339811 0.32714333
0.02776397 0.33189102
0.02711904 0.33189655
0.02648909 0.33190208
0.02587378 0.33190761
0.02527276 0.33191314
0.02468570 0.33191867
0.02411228 0.33192419
0.02355218 0.33192972
0.02300508 0.33193525
0.02247070 0.33194078
0.02194873 0.33194631
0.02143888 0.33195184
0.02094088 0.33195737
0.02045445 0.33196290
0.01997931 0.33196843
0.01951521 0.33197396
0.01906190 0.33197949
0.01861911 0.33198502
0.01818661 0.33199055
0.01776415 0.33199608
0.01735151 0.33200161
0.01694845 0.33200714
0.01655476 0.33201267
0.01617021 0.33201820
0.01579459 0.33202373
0.01542770 0.33202926
0.01506933 0.33203479
0.01471929 0.33204032
0.01437737 0.33204585
0.01404340 0.33205138
0.01371719 0.33205691
0.01339855 0.33206244
0.01308732 0.33206798
0.02648998 0.33689275
0.02587464 0.33689836
0.02527360 0.33690397
0.02468652 0.33690958
0.02411308 0.33691520
0.02355296 0.33692081
0.02300585 0.33692642
0.02247145 0.33693203
0.02194946 0.33693764
0.02143960 0.33694326
0.02094158 0.33694887
0.02045513 0.33695448
0.01997998 0.33696009
0.01951586 0.33696571
0.01906253 0.33697132
0.01861973 0.33697693
0.01818721 0.33698255
0.01776474 0.33698816
0.01735209 0.33699377
0.01694902 0.33699939
0.01655531 0.33700500
0.01617075 0.33701061
0.01579512 0.33701623
0.01542821 0.33702184
0.01506983 0.33702745
0.01471978 0.33703307
0.01437785 0.33703868
0.01404387 0.33704430
0.01371765 0.33704991
0.01339900 0.33705552
0.01308775 0.33706114
0.01278374 0.33706675
0.02587550 0.34196416
0.02527444 0.34196985
0.02468735 0.34197555
0.02411389 0.34198125
0.02355375 0.34198694
0.02300662 0.34199264
0.02247220 0.34199833
0.02195019 0.34200403
0.02144031 0.34200973
0.02094228 0.34201543
0.02045581 0.34202112
0.01998064 0.34202682
0.01951651 0.34203252
0.01906317 0.34203821
0.01862035 0.34204391
0.01818782 0.34204961
0.01776533 0.34205531
0.01735266 0.34206100
0.01694958 0.34206670
0.01655586 0.34207240
0.01617129 0.34207810
0.01579564 0.34208380
0.01542873 0.34208949
0.01507033 0.34209519
0.01472027 0.34210089
0.01437833 0.34210659
0.01404434 0.34211229
0.01371810 0.34211799
0.01339945 0.34212368
0.01308819 0.34212938
0.01278417 0.34213508
0.01248720 0.34214078
0.02587637 0.34710613
0.02527529 0.34711191
0.02468817 0.34711769
0.02411469 0.34712347
0.02355453 0.34712925
0.02300738 0.34713504
0.02247295 0.34714082
0.02195092 0.34714660
0.02144103 0.34715238
0.02094297 0.34715816
0.02045649 0.34716395
0.01998131 0.34716973
0.01951716 0.34717551
0.01906380 0.34718130
0.01862097 0.34718708
0.01818842 0.34719286
0.01776593 0.34719865
0.01735324 0.34720443
0.01695015 0.34721021
0.01655641 0.34721600
0.01617182 0.34722178
0.01579617 0.34722756
0.01542924 0.34723335
0.01507084 0.34723913
0.01472076 0.34724491
0.01437881 0.34725070
0.01404480 0.34725648
0.01371856 0.34726227
0.01339989 0.34726805
0.01308863 0.34727384
0.01278459 0.34727962
0.01248762 0.34728541
0.01219754 0.34729119
0.02527613 0.35233128
0.02468899 0.35233715
0.02411549 0.35234302
0.02355531 0.35234889
0.02300815 0.35235476
0.02247369 0.35236062
0.02195165 0.35236649
0.02144174 0.35237236
0.02094367 0.35237823
0.02045717 0.35238410
0.01998197 0.35238997
0.01951781 0.35239584
0.01906444 0.35240171
0.01862159 0.35240758
0.01818903 0.35241345
0.01776652 0.35241932
0.01735382 0.35242519
0.01695071 0.35243106
0.01655696 0.35243693
0.01617236 0.35244280
0.01579670 0.35244867
0.01542976 0.35245455
0.01507134 0.35246042
0.01472125 0.35246629
0.01437929 0.35247216
0.01404527 0.35247803
0.01371902 0.35248390
0.01340034 0.35248977
0.01308906 0.35249564
0.01278502 0.35250152
0.01248803 0.35250739
0.01219795 0.35251326
0.01191461 0.35251913
0.02411630 0.35764105
0.02355610 0.35764701
0.02300892 0.35765296
0.02247444 0.35765892
0.02195239 0.35766488
0.02144246 0.35767084
0.02094437 0.35767679
0.02045785 0.35768275
0.01998264 0.35768871
0.01951846 0.35769467
0.01906507 0.35770063
0.01862221 0.35770658
0.01818964 0.35771254
0.01776711 0.35771850
0.01735440 0.35772446
0.01695127 0.35773042
0.01655751 0.35773638
0.01617290 0.35774234
0.01579722 0.35774829
0.01543027 0.35775425
0.01507184 0.35776021
0.01472174 0.35776617
0.01437977 0.35777213
0.01404574 0.35777809
0.01371947 0.35778405
0.01340078 0.35779001
0.01308950 0.35779597
0.01278544 0.35780193
0.01248845 0.35780789
0.01219836 0.35781385
0.01191500 0.35781981
0.01163823 0.35782577
0.02355688 0.36302479
0.02300968 0.36303084
0.02247519 0.36303688
0.02195312 0.36304293
0.02144317 0.36304898
0.02094507 0.36305503
0.02045854 0.36306107
0.01998331 0.36306712
0.01951912 0.36307317
0.01906571 0.36307922
0.01862283 0.36308526
0.01819024 0.36309131
0.01776770 0.36309736
0.01735498 0.36310341
0.01695184 0.36310946
0.01655807 0.36311551
0.01617344 0.36312155
0.01579775 0.36312760
0.01543078 0.36313365
0.01507234 0.36313970
0.01472223 0.36314575
0.01438025 0.36315180
0.01404621 0.36315785
0.01371993 0.36316390
0.01340123 0.36316994
0.01308993 0.36317599
0.01278587 0.36318204
0.01248887 0.36318809
0.01219876 0.36319414
0.01191540 0.36320019
0.01163862 0.36320624
0.01136826 0.36321229
0.02247594 0.36849571
0.02195385 0.36850185
0.02144388 0.36850799
0.02094577 0.36851413
0.02045922 0.36852027
0.01998397 0.36852641
0.01951977 0.36853254
0.01906634 0.36853868
0.01862345 0.36854482
0.01819085 0.36855096
0.01776829 0.36855710
0.01735556 0.36856324
0.01695240 0.36856938
0.01655862 0.36857552
0.01617398 0.36858166
0.01579827 0.36858780
0.01543130 0.36859394
0.01507284 0.36860008
0.01472272 0.36860622
0.01438073 0.36861236
0.01404668 0.36861850
0.01372039 0.36862464
0.01340168 0.36863078
0.01309037 0.36863692
0.01278630 0.36864306
0.01248928 0.36864920
0.01219917 0.36865534
0.01191580 0.36866148
0.01163901 0.36866762
0.01136864 0.36867376
0.01110456 0.36867990
0.02144460 0.37404909
0.02094646 0.37405532
0.02045990 0.37406155
0.01998464 0.37406778
0.01952042 0.37407401
0.01906698 0.37408024
0.01862407 0.37408647
0.01819145 0.37409270
0.01776889 0.37409893
0.01735613 0.37410517
0.01695297 0.37411140
0.01655917 0.37411763
0.01617452 0.37412386
0.01579880 0.37413009
0.01543181 0.37413632
0.01507335 0.37414256
0.01472321 0.37414879
0.01438120 0.37415502
0.01404714 0.37416125
0.01372084 0.37416749
0.01340212 0.37417372
0.01309081 0.37417995
0.01278672 0.37418618
0.01248970 0.37419242
0.01219958 0.37419865
0.01191619 0.37420488
0.01163939 0.37421112
0.01136902 0.37421735
0.01110493 0.37422358
0.01084698 0.37422982
0.02094716 0.37967983
0.02046058 0.37968615
0.01998530 0.37969248
0.01952107 0.37969880
0.01906761 0.37970513
0.01862469 0.37971145
0.01819206 0.37971778
0.01776948 0.37972410
0.01735671 0.37973043
0.01695353 0.37973675
0.01655972 0.37974308
0.01617506 0.37974940
0.01579933 0.37975573
0.01543233 0.37976205
0.01507385 0.37976838
0.01472370 0.37977470
0.01438168 0.37978103
0.01404761 0.37978736
0.01372130 0.37979368
0.01340257 0.37980001
0.01309124 0.37980633
0.01278715 0.37981266
0.01249012 0.37981899
0.01219998 0.37982531
0.01191659 0.37983164
0.01163978 0.37983797
0.01136940 0.37984430
0.01110530 0.37985062
0.01084734 0.37985695
0.01059537 0.37986328
0.02046126 0.38539533
0.01998597 0.38540175
0.01952172 0.38540817
0.01906825 0.38541459
0.01862531 0.38542101
0.01819267 0.38542743
0.01777007 0.38543385
0.01735729 0.38544027
0.01695410 0.38544669
0.01656027 0.38545311
0.01617560 0.38545953
0.01579985 0.38546595
0.01543284 0.38547237
0.01507435 0.38547879
0.01472419 0.38548521
0.01438216 0.38549163
0.01404808 0.38549806
0.01372176 0.38550448
0.01340302 0.38551090
0.01309168 0.38551732
0.01278757 0.38552374
0.01249053 0.38553016
0.01220039 0.38553659
0.01191699 0.38554301
0.01164017 0.38554943
0.01136978 0.38555585
0.01110567 0.38556227
0.01084770 0.38556870
0.01059572 0.38557512
0.01034959 0.38558154
0.01998664 0.39119687
0.01952237 0.39120339
0.01906888 0.39120990
0.01862593 0.39121642
0.01819327 0.39122294
0.01777066 0.39122945
0.01735787 0.39123597
0.01695466 0.39124249
0.01656082 0.39124900
0.01617613 0.39125552
0.01580038 0.39126204
0.01543335 0.39126855
0.01507485 0.39127507
0.01472468 0.39128159
0.01438264 0.39128811
0.01404855 0.39129462
0.01372222 0.39130114
0.01340346 0.39130766
0.01309212 0.39131418
0.01278800 0.39132070
0.01249095 0.39132722
0.01220080 0.39133373
0.01191738 0.39134025
0.01164056 0.39134677
0.01137016 0.39135329
0.01110604 0.39135981
0.01084806 0.39136633
0.01059607 0.39137285
0.01034994 0.39137937
0.01010952 0.39138588
0.01952302 0.39708574
0.01906952 0.39709236
0.01862655 0.39709897
0.01819388 0.39710559
0.01777125 0.39711220
0.01735845 0.39711882
0.01695523 0.39712543
0.01656138 0.39713205
0.01617667 0.39713866
0.01580091 0.39714528
0.01543387 0.39715189
0.01507536 0.39715851
0.01472517 0.39716512
0.01438312 0.39717174
0.01404902 0.39717835
0.01372267 0.39718497
0.01340391 0.39719159
0.01309255 0.39719820
0.01278843 0.39720482
0.01249136 0.39721143
0.01220120 0.39721805
0.01191778 0.39722467
0.01164094 0.39723128
0.01137054 0.39723790
0.01110641 0.39724452
0.01084842 0.39725113
0.01059642 0.39725775
0.01035028 0.39726437
0.01010985 0.39727099
0.00987501 0.39727760
0.01907015 0.40306327
0.01862717 0.40306998
0.01819448 0.40307669
0.01777185 0.40308341
0.01735902 0.40309012
0.01695579 0.40309684
0.01656193 0.40310355
0.01617721 0.40311027
0.01580143 0.40311698
0.01543438 0.40312369
0.01507586 0.40313041
0.01472566 0.40313712
0.01438360 0.40314384
0.01404948 0.40315055
0.01372313 0.40315727
0.01340436 0.40316399
0.01309299 0.40317070
0.01278885 0.40317742
0.01249178 0.40318413
0.01220161 0.40319085
0.01191818 0.40319756
0.01164133 0.40320428
0.01137092 0.40321100
0.01110678 0.40321771
0.01084878 0.40322443
0.01059678 0.40323115
0.01035063 0.40323786
0.01011019 0.40324458
0.00987534 0.40325130
0.00964595 0.40325801
0.01819509 0.40913759
0.01777244 0.40914440
0.01735960 0.40915122
0.01695636 0.40915803
0.01656248 0.40916485
0.01617775 0.40917166
0.01580196 0.40917848
0.01543490 0.40918529
0.01507636 0.40919211
0.01472615 0.40919892
0.01438408 0.40920574
0.01404995 0.40921256
0.01372359 0.40921937
0.01340480 0.40922619
0.01309342 0.40923301
0.01278928 0.40923982
0.01249220 0.40924664
0.01220202 0.40925346
0.01191858 0.40926027
0.01164172 0.40926709
0.01137130 0.40927391
0.01110715 0.40928073
0.01084914 0.40928754
0.01059713 0.40929436
0.01035097 0.40930118
0.01011053 0.40930800
0.00987567 0.40931481
0.00964627 0.40932163
0.01736018 0.41530345
0.01695692 0.41531036
0.01656303 0.41531728
0.01617829 0.41532420
0.01580249 0.41533112
0.01543541 0.41533804
0.01507686 0.41534496
0.01472664 0.41535187
0.01438456 0.41535879
0.01405042 0.41536571
0.01372404 0.41537263
0.01340525 0.41537955
0.01309386 0.41538647
0.01278970 0.41539339
0.01249261 0.41540031
0.01220242 0.41540723
0.01191897 0.41541414
0.01164211 0.41542106
0.01137167 0.41542798
0.01110752 0.41543490
0.01084951 0.41544182
0.01059748 0.41544874
0.01035132 0.41545566
0.01011087 0.41546258
0.00987600 0.41546950
0.00964659 0.41547643
0.00942251 0.41548335
0.01695749 0.42155521
0.01656358 0.42156223
0.01617883 0.42156925
0.01580301 0.42157627
0.01543592 0.42158330
0.01507736 0.42159032
0.01472713 0.42159734
0.01438504 0.42160436
0.01405089 0.42161139
0.01372450 0.42161841
0.01340570 0.42162543
0.01309430 0.42163246
0.01279013 0.42163948
0.01249303 0.42164650
0.01220283 0.42165353
0.01191937 0.42166055
0.01164250 0.42166757
0.01137205 0.42167460
0.01110789 0.42168162
0.01084987 0.42168864
0.01059784 0.42169567
0.01035166 0.42170269
0.01011120 0.42170972
0.00987633 0.42171674
0.00964691 0.42172377
0.00942283 0.42173079
0.00920394 0.42173782
0.01656414 0.42790108
0.01617937 0.42790821
0.01580354 0.42791534
0.01543644 0.42792246
0.01507787 0.42792959
0.01472762 0.42793672
0.01438552 0.42794385
0.01405136 0.42795098
0.01372496 0.42795811
0.01340614 0.42796523
0.01309473 0.42797236
0.01279056 0.42797949
0.01249344 0.42798662
0.01220324 0.42799375
0.01191977 0.42800088
0.01164288 0.42800801
0.01137243 0.42801514
0.01110826 0.42802227
0.01085023 0.42802940
0.01059819 0.42803653
0.01035200 0.42804366
0.01011154 0.42805079
0.00987666 0.42805792
0.00964723 0.42806505
0.00942314 0.42807218
0.00920425 0.42807931
0.00899044 0.42808644
0.01617991 0.43434248
0.01580407 0.43434972
0.01543695 0.43435695
0.01507837 0.43436419
0.01472811 0.43437142
0.01438600 0.43437866
0.01405183 0.43438589
0.01372542 0.43439313
0.01340659 0.43440036
0.01309517 0.43440760
0.01279098 0.43441484
0.01249386 0.43442207
0.01220364 0.43442931
0.01192016 0.43443654
0.01164327 0.43444378
0.01137281 0.43445102
0.01110863 0.43445825
0.01085059 0.43446549
0.01059854 0.43447273
0.01035235 0.43447996
0.01011188 0.43448720
0.00987699 0.43449444
0.00964756 0.43450168
0.00942345 0.43450891
0.00920456 0.43451615
0.00899074 0.43452339
0.00878190 0.43453063
0.01580459 0.44088085
0.01543747 0.44088819
0.01507887 0.44089553
0.01472861 0.44090288
0.01438648 0.44091022
0.01405229 0.44091757
0.01372587 0.44092491
0.01340704 0.44093226
0.01309560 0.44093960
0.01279141 0.44094694
0.01249428 0.44095429
0.01220405 0.44096163
0.01192056 0.44096898
0.01164366 0.44097633
0.01137319 0.44098367
0.01110900 0.44099102
0.01085095 0.44099836
0.01059890 0.44100571
0.01035269 0.44101305
0.01011221 0.44102040
0.00987732 0.44102775
0.00964788 0.44103509
0.00942377 0.44104244
0.00920486 0.44104978
0.00899104 0.44105713
0.00878219 0.44106448
0.00857819 0.44107182
0.01543798 0.44751764
0.01507937 0.44752509
0.01472910 0.44753255
0.01438696 0.44754000
0.01405276 0.44754745
0.01372633 0.44755491
0.01340748 0.44756236
0.01309604 0.44756982
0.01279183 0.44757727
0.01249469 0.44758473
0.01220445 0.44759219
0.01192096 0.44759964
0.01164405 0.44760710
0.01137357 0.44761455
0.01110937 0.44762201
0.01085131 0.44762946
0.01059925 0.44763692
0.01035304 0.44764438
0.01011255 0.44765183
0.00987765 0.44765929
0.00964820 0.44766675
0.00942408 0.44767420
0.00920517 0.44768166
0.00899134 0.44768912
0.00878248 0.44769658
0.00857848 0.44770403
0.01472959 0.45426190
0.01438743 0.45426947
0.01405323 0.45427703
0.01372679 0.45428460
0.01340793 0.45429217
0.01309648 0.45429974
0.01279226 0.45430730
0.01249511 0.45431487
0.01220486 0.45432244
0.01192136 0.45433001
0.01164443 0.45433757
0.01137395 0.45434514
0.01110974 0.45435271
0.01085167 0.45436028
0.01059960 0.45436785
0.01035338 0.45437541
0.01011289 0.45438298
0.00987797 0.45439055
0.00964852 0.45439812
0.00942440 0.45440569
0.00920548 0.45441326
0.00899164 0.45442083
0.00878278 0.45442840
0.00857876 0.45443597
0.00837949 0.45444354
0.01372725 0.46111548
0.01340838 0.46112316
0.01309691 0.46113085
0.01279269 0.46113853
0.01249553 0.46114621
0.01220527 0.46115389
0.01192175 0.46116157
0.01164482 0.46116925
0.01137433 0.46117693
0.01111011 0.46118462
0.01085204 0.46119230
0.01059996 0.46119998
0.01035373 0.46120766
0.01011322 0.46121534
0.00987830 0.46122303
0.00964884 0.46123071
0.00942471 0.46123839
0.00920578 0.46124608
0.00899194 0.46125376
0.00878307 0.46126144
0.00857905 0.46126913
0.00837977 0.46127681
0.01309735 0.46806467
0.01279311 0.46807247
0.01249594 0.46808027
0.01220567 0.46808806
0.01192215 0.46809586
0.01164521 0.46810366
0.01137470 0.46811145
0.01111048 0.46811925
0.01085240 0.46812705
0.01060031 0.46813485
0.01035407 0.46814264
0.01011356 0.46815044
0.00987863 0.46815824
0.00964916 0.46816604
0.00942502 0.46817384
0.00920609 0.46818164
0.00899224 0.46818943
0.00878336 0.46819723
0.00857933 0.46820503
0.00838004 0.46821283
0.01279354 0.47511067
0.01249636 0.47511859
0.01220608 0.47512650
0.01192255 0.47513442
0.01164560 0.47514233
0.01137508 0.47515025
0.01111085 0.47515816
0.01085276 0.47516607
0.01060066 0.47517399
0.01035442 0.47518190
0.01011390 0.47518982
0.00987896 0.47519774
0.00964948 0.47520565
0.00942534 0.47521357
0.00920640 0.47522148
0.00899254 0.47522940
0.00878365 0.47523731
0.00857962 0.47524523
0.00838032 0.47525315
0.01220649 0.48227078
0.01192294 0.48227881
0.01164599 0.48228684
0.01137546 0.48229488
0.01111122 0.48230291
0.01085312 0.48231094
0.01060101 0.48231898
0.01035476 0.48232701
0.01011423 0.48233505
0.00987929 0.48234308
0.00964981 0.48235111
0.00942565 0.48235915
0.00920670 0.48236718
0.00899284 0.48237522
0.00878395 0.48238325
0.00857991 0.48239129
0.00838060 0.48239932
0.01192334 0.48953063
0.01164637 0.48953878
0.01137584 0.48954694
0.01111159 0.48955509
0.01085348 0.48956325
0.01060137 0.48957140
0.01035511 0.48957956
0.01011457 0.48958771
0.00987962 0.48959587
0.00965013 0.48960402
0.00942597 0.48961218
0.00920701 0.48962033
0.00899314 0.48962849
0.00878424 0.48963664
0.00858019 0.48964480
0.00838088 0.48965296
0.01137622 0.49690804
0.01111196 0.49691632
0.01085384 0.49692460
0.01060172 0.49693288
0.01035545 0.49694115
0.01011491 0.49694943
0.00987995 0.49695771
0.00965045 0.49696599
0.00942628 0.49697426
0.00920732 0.49698254
0.00899344 0.49699082
0.00878453 0.49699910
0.00858048 0.49700738
0.00838116 0.49701566
0.01011525 0.50442185
0.00988028 0.50443025
0.00965077 0.50443865
0.00942659 0.50444705
0.00920762 0.50445546
0.00899374 0.50446386
0.00878483 0.50447226
0.00444897 0.87673755
0.00434562 0.87675215
0.00424468 0.87676676
0.00414608 0.87678136
0.00404977 0.87679597
0.00395570 0.87681057
0.00466324 0.88989103
0.00455492 0.88990585
0.00444912 0.88992068
0.00434577 0.88993550
0.00424482 0.88995032
0.00414622 0.88996515
0.00404990 0.88997997
0.00395583 0.88999480
0.00386394 0.89000962
0.00434591 0.90331708
0.00424496 0.90333213
0.00414636 0.90334717
0.00405004 0.90336222
0.00395596 0.90337727
0.00386407 0.90339231
0.00377431 0.90340736
0.00405017 0.91694569
0.00395609 0.91696096
0.00386420 0.91697624
0.00377444 0.91699151
0.00368676 0.91700679
0.00395623 0.93074891
0.00386433 0.93076442
0.00377456 0.93077992
0.00368688 0.93079542
0.00360124 0.93081093
0.00551587 4.07773096
0.00538775 4.07779888
0.00526259 4.07786680
0.00514035 4.07793473
0.00502095 4.07800265
0.00490431 4.07807058
0.00479039 4.07813851
0.00467912 4.07820644
0.00457043 4.07827437
0.00446426 4.07834230
0.00436056 4.07841024
0.00425927 4.07847817
0.00591903 4.13883922
0.00578154 4.13890816
0.00564724 4.13897710
0.00551606 4.13904605
0.00538793 4.13911499
0.00526277 4.13918394
0.00514052 4.13925288
0.00502111 4.13932183
0.00490448 4.13939078
0.00479055 4.13945973
0.00467927 4.13952868
0.00457058 4.13959764
0.00446441 4.13966659
0.00436070 4.13973554
0.00425941 4.13980450
0.00416047 4.13987346
0.00406383 4.13994242
0.00396943 4.14001138
0.00387722 4.14008034
0.00605999 4.20100320
0.00591923 4.20107317
0.00578173 4.20114315
0.00564743 4.20121313
0.00551624 4.20128311
0.00538811 4.20135309
0.00526295 4.20142307
0.00514069 4.20149306
0.00502128 4.20156304
0.00490464 4.20163303
0.00479071 4.20170301
0.00467943 4.20177300
0.00457073 4.20184299
0.00446456 4.20191298
0.00436085 4.20198297
0.00425955 4.20205297
0.00416061 4.20212296
0.00406396 4.20219296
0.00396956 4.20226295
0.00387735 4.20233295
0.00378728 4.20240295
0.00369931 4.20247295
0.00361338 4.20254295
0.00620431 4.26410085
0.00606020 4.26417188
0.00591942 4.26424291
0.00578192 4.26431394
0.00564761 4.26438497
0.00551643 4.26445600
0.00538828 4.26452704
0.00526312 4.26459807
0.00514086 4.26466911
0.00502145 4.26474014
0.00490480 4.26481118
0.00479087 4.26488222
0.00467958 4.26495326
0.00457088 4.26502430
0.00446471 4.26509535
0.00436100 4.26516639
0.00425969 4.26523744
0.00416075 4.26530848
0.00406410 4.26537953
0.00396969 4.26545058
0.00387748 4.26552163
0.00378741 4.26559268
0.00369943 4.26566373
0.00361350 4.26573479
0.00352956 4.26580584
0.00344757 4.26587690
0.00635207 4.32814621
0.00620452 4.32821831
0.00606040 4.32829040
0.00591962 4.32836250
0.00578211 4.32843460
0.00564780 4.32850670
0.00551661 4.32857880
0.00538846 4.32865090
0.00526330 4.32872300
0.00514104 4.32879511
0.00502161 4.32886721
0.00490497 4.32893932
0.00479103 4.32901143
0.00467974 4.32908353
0.00457103 4.32915564
0.00446485 4.32922776
0.00436114 4.32929987
0.00425984 4.32937198
0.00416088 4.32944410
0.00406423 4.32951621
0.00396982 4.32958833
0.00387761 4.32966045
0.00378754 4.32973257
0.00369956 4.32980469
0.00361362 4.32987681
0.00352968 4.32994893
0.00344769 4.33002106
0.00336760 4.33009318
0.00328938 4.33016531
0.00635229 4.39322669
0.00620473 4.39329987
0.00606060 4.39337305
0.00591982 4.39344623
0.00578231 4.39351941
0.00564799 4.39359260
0.00551679 4.39366578
0.00538864 4.39373897
0.00526347 4.39381216
0.00514121 4.39388534
0.00502178 4.39395853
0.00490513 4.39403172
0.00479119 4.39410492
0.00467990 4.39417811
0.00457119 4.39425130
0.00446500 4.39432450
0.00436129 4.39439769
0.00425998 4.39447089
0.00416102 4.39454409
0.00406437 4.39461729
0.00396996 4.39469049
0.00387774 4.39476370
0.00378766 4.39483690
0.00369968 4.39491011
0.00361374 4.39498331
0.00352980 4.39505652
0.00344780 4.39512973
0.00336771 4.39520294
0.00328949 4.39527615
0.00321307 4.39534936
0.00313844 4.39542258
0.00635250 4.45928576
0.00620493 4.45936004
0.00606080 4.45943432
0.00592001 4.45950860
0.00578250 4.45958288
0.00564818 4.45965717
0.00551698 4.45973145
0.00538882 4.45980574
0.00526365 4.45988002
0.00514138 4.45995431
0.00502195 4.46002860
0.00490529 4.46010289
0.00479135 4.46017719
0.00468005 4.46025148
0.00457134 4.46032578
0.00446515 4.46040007
0.00436143 4.46047437
0.00426012 4.46054867
0.00416116 4.46062297
0.00406450 4.46069727
0.00397009 4.46077157
0.00387787 4.46084587
0.00378779 4.46092018
0.00369980 4.46099449
0.00361386 4.46106879
0.00352991 4.46114310
0.00344792 4.46121741
0.00336783 4.46129172
0.00328959 4.46136603
0.00321318 4.46144035
0.00313854 4.46151466
0.00306564 4.46158898
0.00620514 4.52641352
0.00606100 4.52648892
0.00592021 4.52656432
0.00578269 4.52663972
0.00564837 4.52671512
0.00551716 4.52679052
0.00538900 4.52686592
0.00526382 4.52694133
0.00514155 4.52701673
0.00502212 4.52709214
0.00490546 4.52716755
0.00479151 4.52724296
0.00468021 4.52731837
0.00457149 4.52739378
0.00446530 4.52746920
0.00436158 4.52754461
0.00426026 4.52762003
0.00416130 4.52769544
0.00406464 4.52777086
0.00397022 4.52784628
0.00387800 4.52792170
0.00378791 4.52799712
0.00369993 4.52807255
0.00361398 4.52814797
0.00353003 4.52822340
0.00344803 4.52829882
0.00336794 4.52837425
0.00328970 4.52844968
0.00321329 4.52852511
0.00313865 4.52860055
0.00306574 4.52867598
0.00299453 4.52875141
0.00620535 4.59447526
0.00606120 4.59455179
0.00592041 4.59462833
0.00578288 4.59470486
0.00564855 4.59478139
0.00551734 4.59485793
0.00538918 4.59493447
0.00526400 4.59501101
0.00514172 4.59508754
0.00502228 4.59516409
0.00490562 4.59524063
0.00479167 4.59531717
0.00468036 4.59539372
0.00457164 4.59547026
0.00446545 4.59554681
0.00436172 4.59562336
0.00426040 4.59569991
0.00416144 4.59577646
0.00406477 4.59585301
0.00397035 4.59592956
0.00387813 4.59600612
0.00378804 4.59608268
0.00370005 4.59615923
0.00361410 4.59623579
0.00353015 4.59631235
0.00344815 4.59638891
0.00336805 4.59646548
0.00328981 4.59654204
0.00321340 4.59661860
0.00313875 4.59669517
0.00306584 4.59677174
0.00299463 4.59684831
0.00292506 4.59692488
0.00606141 4.66363810
0.00592061 4.66371578
0.00578308 4.66379347
0.00564874 4.66387115
0.00551753 4.66394884
0.00538936 4.66402653
0.00526417 4.66410422
0.00514189 4.66418191
0.00502245 4.66425960
0.00490578 4.66433729
0.00479183 4.66441499
0.00468052 4.66449268
0.00457180 4.66457038
0.00446560 4.66464808
0.00436187 4.66472578
0.00426055 4.66480348
0.00416158 4.66488118
0.00406491 4.66495888
0.00397048 4.66503659
0.00387825 4.66511429
0.00378817 4.66519200
0.00370017 4.66526971
0.00361422 4.66534742
0.00353027 4.66542513
0.00344826 4.66550284
0.00336816 4.66558056
0.00328992 4.66565827
0.00321350 4.66573599
0.00313886 4.66581371
0.00306594 4.66589142
0.00299473 4.66596914
0.00292516 4.66604687
0.00285721 4.66612459
0.00592080 4.73384208
0.00578327 4.73392093
0.00564893 4.73399978
0.00551771 4.73407864
0.00538954 4.73415749
0.00526435 4.73423635
0.00514206 4.73431521
0.00502262 4.73439407
0.00490595 4.73447293
0.00479199 4.73455179
0.00468068 4.73463066
0.00457195 4.73470952
0.00446575 4.73478839
0.00436201 4.73486726
0.00426069 4.73494613
0.00416172 4.73502500
0.00406504 4.73510387
0.00397062 4.73518274
0.00387838 4.73526162
0.00378829 4.73534049
0.00370030 4.73541937
0.00361434 4.73549825
0.00353038 4.73557713
0.00344838 4.73565601
0.00336827 4.73573489
0.00329003 4.73581377
0.00321361 4.73589266
0.00313896 4.73597155
0.00306605 4.73605043
0.00299482 4.73612932
0.00292526 4.73620821
0.00285731 4.73628710
0.00279094 4.73636600
0.00272611 4.73644489
0.00578346 4.80510287
0.00564912 4.80518291
0.00551790 4.80526295
0.00538972 4.80534299
0.00526452 4.80542303
0.00514223 4.80550308
0.00502279 4.80558312
0.00490611 4.80566317
0.00479215 4.80574322
0.00468083 4.80582327
0.00457210 4.80590332
0.00446590 4.80598337
0.00436216 4.80606343
0.00426083 4.80614348
0.00416185 4.80622354
0.00406518 4.80630360
0.00397075 4.80638366
0.00387851 4.80646372
0.00378842 4.80654378
0.00370042 4.80662384
0.00361446 4.80670391
0.00353050 4.80678397
0.00344849 4.80686404
0.00336839 4.80694411
0.00329014 4.80702418
0.00321372 4.80710425
0.00313907 4.80718432
0.00306615 4.80726439
0.00299492 4.80734447
0.00292536 4.80742455
0.00285740 4.80750462
0.00279103 4.80758470
0.00272620 4.80766478
0.00266287 4.80774486
0.00564931 4.87743638
0.00551808 4.87751763
0.00538990 4.87759887
0.00526470 4.87768012
0.00514241 4.87776137
0.00502295 4.87784262
0.00490628 4.87792387
0.00479231 4.87800512
0.00468099 4.87808637
0.00457225 4.87816763
0.00446604 4.87824888
0.00436230 4.87833014
0.00426097 4.87841140
0.00416199 4.87849266
0.00406531 4.87857392
0.00397088 4.87865519
0.00387864 4.87873645
0.00378855 4.87881772
0.00370054 4.87889898
0.00361458 4.87898025
0.00353062 4.87906152
0.00344861 4.87914279
0.00336850 4.87922406
0.00329025 4.87930534
0.00321382 4.87938661
0.00313917 4.87946789
0.00306625 4.87954917
0.00299502 4.87963045
0.00292545 4.87971173
0.00285750 4.87979301
0.00279112 4.87987429
0.00272629 4.87995558
0.00266296 4.88003686
0.00260110 4.88011815
0.00564950 4.95077630
0.00551826 4.95085877
0.00539008 4.95094124
0.00526487 4.95102371
0.00514258 4.95110617
0.00502312 4.95118865
0.00490644 4.95127112
0.00479247 4.95135359
0.00468114 4.95143607
0.00457241 4.95151854
0.00446619 4.95160102
0.00436245 4.95168350
0.00426111 4.95176598
0.00416213 4.95184846
0.00406545 4.95193095
0.00397101 4.95201343
0.00387877 4.95209592
0.00378867 4.95217841
0.00370067 4.95226090
0.00361470 4.95234339
0.00353074 4.95242588
0.00344872 4.95250837
0.00336861 4.95259086
0.00329036 4.95267336
0.00321393 4.95275586
0.00313927 4.95283836
0.00306635 4.95292086
0.00299512 4.95300336
0.00292555 4.95308586
0.00285759 4.95316836
0.00279121 4.95325087
0.00272638 4.95333338
0.00266305 4.95341588
0.00260119 4.95349839
0.00254076 4.95358091
0.00539026 5.02538642
0.00526505 5.02547013
0.00514275 5.02555384
0.00502329 5.02563755
0.00490660 5.02572126
0.00479263 5.02580497
0.00468130 5.02588869
0.00457256 5.02597241
0.00446634 5.02605612
0.00436259 5.02613984
0.00426126 5.02622356
0.00416227 5.02630729
0.00406559 5.02639101
0.00397115 5.02647474
0.00387890 5.02655846
0.00378880 5.02664219
0.00370079 5.02672592
0.00361482 5.02680965
0.00353085 5.02689338
0.00344884 5.02697712
0.00336872 5.02706085
0.00329047 5.02714459
0.00321404 5.02722832
0.00313938 5.02731206
0.00306645 5.02739580
0.00299522 5.02747955
0.00292565 5.02756329
0.00285769 5.02764703
0.00279131 5.02773078
0.00272647 5.02781453
0.00266314 5.02789828
0.00260127 5.02798203
0.00254085 5.02806578
0.00248183 5.02814953
0.00526523 5.10103597
0.00514292 5.10112093
0.00502345 5.10120590
0.00490677 5.10129088
0.00479279 5.10137585
0.00468146 5.10146082
0.00457271 5.10154580
0.00446649 5.10163078
0.00436274 5.10171575
0.00426140 5.10180073
0.00416241 5.10188571
0.00406572 5.10197070
0.00397128 5.10205568
0.00387903 5.10214067
0.00378892 5.10222565
0.00370091 5.10231064
0.00361494 5.10239563
0.00353097 5.10248062
0.00344895 5.10256562
0.00336884 5.10265061
0.00329058 5.10273560
0.00321414 5.10282060
0.00313948 5.10290560
0.00306656 5.10299060
0.00299532 5.10307560
0.00292575 5.10316060
0.00285778 5.10324561
0.00279140 5.10333061
0.00272656 5.10341562
0.00266322 5.10350063
0.00260136 5.10358564
0.00254093 5.10367065
0.00248191 5.10375566
0.00514309 5.17782430
0.00502362 5.17791055
0.00490693 5.17799680
0.00479295 5.17808305
0.00468161 5.17816930
0.00457286 5.17825556
0.00446664 5.17834181
0.00436288 5.17842807
0.00426154 5.17851432
0.00416255 5.17860058
0.00406586 5.17868684
0.00397141 5.17877311
0.00387916 5.17885937
0.00378905 5.17894563
0.00370103 5.17903190
0.00361506 5.17911817
0.00353109 5.17920444
0.00344907 5.17929071
0.00336895 5.17937698
0.00329069 5.17946325
0.00321425 5.17954953
0.00313959 5.17963580
0.00306666 5.17972208
0.00299542 5.17980836
0.00292584 5.17989464
0.00285788 5.17998092
0.00279149 5.18006721
0.00272665 5.18015349
0.00266331 5.18023978
0.00260145 5.18032607
0.00254102 5.18041236
0.00248199 5.18049865
0.00502379 5.25576857
0.00490709 5.25585612
0.00479311 5.25594367
0.00468177 5.25603121
0.00457301 5.25611876
0.00446679 5.25620632
0.00436303 5.25629387
0.00426168 5.25638142
0.00416269 5.25646898
0.00406599 5.25655654
0.00397154 5.25664410
0.00387929 5.25673166
0.00378918 5.25681922
0.00370116 5.25690678
0.00361518 5.25699435
0.00353121 5.25708191
0.00344918 5.25716948
0.00336906 5.25725705
0.00329080 5.25734462
0.00321436 5.25743219
0.00313969 5.25751977
0.00306676 5.25760734
0.00299552 5.25769492
0.00292594 5.25778250
0.00285797 5.25787008
0.00279159 5.25795766
0.00272674 5.25804524
0.00266340 5.25813282
0.00260153 5.25822041
0.00254110 5.25830800
0.00490726 5.33488617
0.00479327 5.33497504
0.00468192 5.33506390
0.00457317 5.33515277
0.00446694 5.33524164
0.00436317 5.33533051
0.00426182 5.33541938
0.00416283 5.33550825
0.00406613 5.33559712
0.00397168 5.33568600
0.00387942 5.33577488
0.00378930 5.33586376
0.00370128 5.33595264
0.00361530 5.33604152
0.00353133 5.33613040
0.00344930 5.33621929
0.00336917 5.33630817
0.00329091 5.33639706
0.00321447 5.33648595
0.00313980 5.33657484
0.00306686 5.33666373
0.00299562 5.33675262
0.00292604 5.33684152
0.00285807 5.33693041
0.00279168 5.33701931
0.00272683 5.33710821
0.00266349 5.33719711
0.00479343 5.41519477
0.00468208 5.41528497
0.00457332 5.41537517
0.00446709 5.41546538
0.00436332 5.41555558
0.00426196 5.41564579
0.00416296 5.41573600
0.00406626 5.41582621
0.00397181 5.41591642
0.00387955 5.41600664
0.00378943 5.41609685
0.00370140 5.41618707
0.00361543 5.41627729
0.00353144 5.41636751
0.00344941 5.41645773
0.00336928 5.41654795
0.00329102 5.41663817
0.00321457 5.41672840
0.00313990 5.41681863
0.00306697 5.41690885
0.00299572 5.41699908
0.00292614 5.41708932
0.00285816 5.41717955
0.00279177 5.41726978
0.00468223 5.49671229
0.00457347 5.49680385
0.00446723 5.49689541
0.00436347 5.49698697
0.00426211 5.49707854
0.00416310 5.49717010
0.00406640 5.49726167
0.00397194 5.49735324
0.00387968 5.49744481
0.00378956 5.49753638
0.00370153 5.49762795
0.00361555 5.49771953
0.00353156 5.49781110
0.00344953 5.49790268
0.00336940 5.49799426
0.00329113 5.49808584
0.00321468 5.49817742
0.00314001 5.49826901
0.00306707 5.49836059
0.00299582 5.49845218
0.00457362 5.57945693
0.00446738 5.57954987
0.00436361 5.57964281
0.00426225 5.57973575
0.00416324 5.57982869
0.00406653 5.57992164
0.00397207 5.58001458
0.00387981 5.58010753
0.00378968 5.58020048
0.00370165 5.58029343
0.00361567 5.58038638
0.00353168 5.58047933
0.00344964 5.58057229
0.00336951 5.58066524
0.00329124 5.58075820
0.00321479 5.58085116
0.00314011 5.58094412
0.00446753 5.66344717
0.00436376 5.66354151
0.00426239 5.66363584
0.00416338 5.66373018
0.00406667 5.66382453
0.00397220 5.66391887
0.00387993 5.66401321
0.00378981 5.66410756
0.00370177 5.66420191
0.00361579 5.66429626
0.00353180 5.66439061
0.00344976 5.66448496
0.00336962 5.66457931
0.00329135 5.66467367
0.00436390 5.74870175
0.00426253 5.74879751
0.00416352 5.74889327
0.00406680 5.74898903
0.00397234 5.74908479
0.00388006 5.74918055
0.00378993 5.74927632
0.00370190 5.74937208
0.00361591 5.74946785
0.00353191 5.74956362
0.00426267 5.83523971
0.00416366 5.83533691
0.00406694 5.83543411
0.00397247 5.83553131
0.00388019 5.83562851
0.00379006 5.83572572
0.00370202 5.83582293
0.00416380 5.92308037
0.00406708 5.92317903
0.00397260 5.92327769
0.00426736 9.54892474
0.00416824 9.54908380
0.00407141 9.54924286
0.00397684 9.54940192
0.00388446 9.54956099
0.00379423 9.54972006
0.00370609 9.54987913
0.00362000 9.55003820
0.00353592 9.55019728
0.00457926 9.69202350
0.00447289 9.69218494
0.00436899 9.69234638
0.00426751 9.69250783
0.00416838 9.69266928
0.00388459 9.69315364
0.00379436 9.69331510
0.00370622 9.69347656
0.00362013 9.69363803
0.00353603 9.69379950
0.00345390 9.69396097
0.00337367 9.69412244
0.00329530 9.69428392
0.00468832 9.83759444
0.00447304 9.83792217
0.00436914 9.83808604
0.00426765 9.83824991
0.00379448 9.83906933
0.00370634 9.83923322
0.00362025 9.83939711
0.00345401 9.83972490
0.00337378 9.83988881
0.00321886 9.84021662
0.00314409 9.84038053

