0.00177657 0.02596454
0.00190554 0.02497665
0.00201519 0.02497548
0.00214623 0.02459022
0.00226987 0.02421105
0.00248605 0.02383702
0.00266613 0.02383562
0.00283934 0.02383436
0.00308827 0.02310554
0.00340603 0.02292536
0.00373053 0.02239703
0.00411474 0.02171191
0.00435151 0.02171088
0.00466687 0.02154209
0.00511119 0.02137423
0.00540530 0.02137322
0.00613095 0.02088004
0.00662179 0.02039909
0.00720212 0.01992910
0.00799916 0.01962099
0.00857961 0.01902123
0.00907463 0.01829773
0.00946407 0.01801580
0.01022206 0.01746501
0.01096349 0.01706281
0.01175939 0.01641361
0.01235011 0.01616062
0.01333964 0.01554565
0.01430762 0.01507047
0.01523978 0.01438529
0.01611909 0.01383813
0.01717029 0.01300591
0.01828950 0.01231880
0.01907776 0.01157817
0.02017850 0.01113777
0.02149380 0.01054936
0.02257883 0.00976262
0.02388509 0.00903450
0.02561829 0.00875834
0.02616684 0.00829593
0.02748858 0.00761800
0.02867668 0.00694154
0.03033125 0.00667750
0.03208413 0.00627596
0.03369386 0.00627570

