0.86339611 8.52467130
0.82012913 7.26285932
0.76260576 5.83810450
0.67403719 4.85004903
0.60489202 3.73967967
0.53918025 3.06798227
0.46462302 2.62311755
0.40037547 2.32044107
0.34547911 2.03535377
0.29730414 1.76476254
0.25619326 1.56256733
0.22076715 1.37338982
0.19023972 1.23748534
0.16393359 1.18050002
0.14126504 1.17310637
0.12159390 1.11252759
0.10489823 1.01436467
0.09058137 0.89665728
0.07789358 0.78047509
0.06712254 0.68756428
0.05784092 0.60321071
0.04984274 0.52774699
0.04324207 0.44157668
0.04010042 0.38658540
0.03880615 0.31020411
0.03939743 0.25541890
0.04174114 0.21935070
0.04786022 0.18021940
0.05554026 0.15832099
0.06445271 0.14376847
0.07479532 0.13285643
0.08679759 0.12402177
0.10072585 0.11663009
0.11688914 0.10967896
0.13564614 0.10352250
0.15741303 0.09661307
0.18267282 0.09146617
0.21198601 0.08554116
0.24600303 0.07970602
0.28547870 0.07379202
0.33039374 0.06786767
0.38445031 0.06203730
0.44614237 0.05659478
0.51773405 0.05162974
0.60081391 0.04727397
0.69722545 0.04312664
0.80910799 0.03880378
0.88348436 0.03646508

