0.00003527  0.02292431
0.00003851  0.02250946
0.00004204  0.02210212
0.00004589  0.02160272
0.00005009  0.02101788
0.00005469  0.02063753
0.00005970  0.02045101
0.00006517  0.02026619
0.00007114  0.01999103
0.00007766  0.01990153
0.00008478  0.01963132
0.00009255  0.01945390
0.00010103  0.01910185
0.00011029  0.01884250
0.00012040  0.01850152
0.00013144  0.01808348
0.00014349  0.01792005
0.00015664  0.01783982
0.00017099  0.01767859
0.00018666  0.01759945
0.00020377  0.01744040
0.00022245  0.01744223
0.00024284  0.01720541
0.00026510  0.01704991
0.00028939  0.01697359
0.00031592  0.01666642
0.00034487  0.01644014
0.00037648  0.01599506
0.00040502  0.01563338
0.00042318  0.01500126
0.00042941  0.01429540
0.00044865  0.01381219
0.00042318  0.01325209
0.00038765  0.01289061
0.00035510  0.01248155
0.00032529  0.01214109
0.00029798  0.01186427
0.00030384  0.01117703
0.00031592  0.01077440
0.00032057  0.01026743
0.00033987  0.00978482
0.00036033  0.00926090
0.00037648  0.00900971
0.00036033  0.00870425
0.00033987  0.00829396
0.00032057  0.00790300
0.00029798  0.00770524
0.00027296  0.00756421
0.00025004  0.00742577
0.00022905  0.00728985
0.00020982  0.00722246
0.00019220  0.00712290
0.00017606  0.00702471
0.00016128  0.00695976
0.00014774  0.00689541
0.00013534  0.00683166
0.00012397  0.00667590
0.00011357  0.00646405
0.00010403  0.00631667
0.00009530  0.00614437
0.00008730  0.00603191
0.00007997  0.00589438
0.00030682  0.00579643
0.00033008  0.00612533
0.00035510  0.00641371
0.00038765  0.00650336
0.00042318  0.00659425
0.00046196  0.00668642
0.00050430  0.00703357
0.00055052  0.00746700
0.00060098  0.00757137
0.00065606  0.00764202
0.00071619  0.00764282
0.00078184  0.00764363
0.00085350  0.00764443
0.00093172  0.00764523
0.00101712  0.00764603
0.00111034  0.00764684
0.00121211  0.00764764
0.00132320  0.00764844
0.00144448  0.00764925
0.00157687  0.00765005
0.00172140  0.00765085
0.00187917  0.00765166
0.00205140  0.00765246
0.00223942  0.00754856
0.00244467  0.00754935
0.00266873  0.00755015
0.00291333  0.00755094
0.00318035  0.00744842
0.00347184  0.00744920
0.00379005  0.00744998
0.00413742  0.00734883
0.00451663  0.00721584
0.00493060  0.00705280
0.00530441  0.00686174
0.00546176  0.00631763
0.00546176  0.00597893
0.00554217  0.00558108
0.00548843  0.00516192
0.00515160  0.00492988
0.00485906  0.00469750
0.00460552  0.00449670
0.00445110  0.00426524
0.00438652  0.00406440
0.00413742  0.00395368
0.00379005  0.00384583
0.00347184  0.00377544
0.00318035  0.00374054
0.00291333  0.00368897
0.00266873  0.00365487
0.00244467  0.00363774
0.00223942  0.00362069
0.00205140  0.00358722
0.00187917  0.00357041
0.00172140  0.00353740
0.00157687  0.00353703
0.00144448  0.00353666
0.00132320  0.00353628
0.00121211  0.00350359
0.00111034  0.00348717
0.00101712  0.00348681
0.00093172  0.00348644
0.00085350  0.00348607
0.00078184  0.00348571
0.00071619  0.00348534
0.00065606  0.00339027
0.00060098  0.00338992
0.00055052  0.00338956
0.00071619  0.00334424
0.00078184  0.00334459
0.00085350  0.00334494
0.00093172  0.00334529
0.00101712  0.00334565
0.00111034  0.00334600
0.00121211  0.00334635
0.00132320  0.00333137
0.00144448  0.00330126
0.00157687  0.00330161
0.00172140  0.00330195
0.00187917  0.00330230
0.00205140  0.00327246
0.00223942  0.00325781
0.00244467  0.00324322
0.00266873  0.00319919
0.00291333  0.00317027
0.00318035  0.00311290
0.00347184  0.00307064
0.00379005  0.00301507
0.00413742  0.00300157
0.00451663  0.00298814
0.00493060  0.00296113
0.00538251  0.00296144
0.00587584  0.00296175
0.00641438  0.00296206
0.00700228  0.00292185
0.00764407  0.00292215
0.00834468  0.00292246
0.00910950  0.00292277
0.00994442  0.00292307
0.00965794  0.00207138
0.00965794  0.00187235
0.00884707  0.00188077
0.00884707  0.00205223
0.00810428  0.00204261
0.00810428  0.00190666
0.00742386  0.00192405
0.00742386  0.00202373
0.00680056  0.00201424
0.00680056  0.00193270
0.00622959  0.00195930
0.00570657  0.00195909
0.01054313  0.00184693
0.01054313  0.00209071
0.01085586  0.00292338
0.01185085  0.00292369
0.01150944  0.00210055
0.01150944  0.00183024
0.01256433  0.00178888
0.01256433  0.00212015
0.01293702  0.00292399
0.01371590  0.00213994
0.01371590  0.00175651
0.01454167  0.00163971
0.01475576  0.00168555
0.01497301  0.00157339
0.01519346  0.00149935
0.01564414  0.00141902
0.01634535  0.00137106
0.01658600  0.00130654
0.01634535  0.00218006
0.01683019  0.00288490
0.01784346  0.00222071
0.01837275  0.00288520
0.01947888  0.00224143
0.02005668  0.00288551
0.02126420  0.00227276
0.02189495  0.00288581
0.02321314  0.00228346
0.02390170  0.00288611
0.02534071  0.00231538
0.02609239  0.00284693
0.02766329  0.00233699
0.02848386  0.00284723
0.03019873  0.00234799
0.03109451  0.00284752
0.03296656  0.00236990
0.03394444  0.00284782
0.03598808  0.00238106
0.03705558  0.00284812
0.03928652  0.00241434
0.04045186  0.00284842
0.04288728  0.00241459
0.04415943  0.00284872
0.04546932  0.00065242
0.04681806  0.00241484
0.04820681  0.00283597
0.04963676  0.00062607
0.05110912  0.00244860
0.05262515  0.00277189
0.05339995  0.00060493
0.05579347  0.00254048
0.05744845  0.00263564
0.05744845  0.00057651
0.06090715  0.00262374
0.06271382  0.00055577
0.06846178  0.00053825
0.07473657  0.00051651
0.08158646  0.00049338
0.08906417  0.00047564
0.09722725  0.00045643
0.10613849  0.00043800
0.11586649  0.00042031
0.12648610  0.00040334
0.13807904  0.00038705
0.15073451  0.00037142
0.16454991  0.00035642
0.17963154  0.00034203
0.19609546  0.00032821
0.21406836  0.00031496
0.23368854  0.00030363
0.25510699  0.00029003
0.27848852  0.00027832
0.30401307  0.00026708
0.33187703  0.00025395
0.36229483  0.00024482
0.39550054  0.00023601
0.43174968  0.00022648
0.47132119  0.00021436
0.51451958  0.00020665
0.56167728  0.00020014
0.61315715  0.00019206
0.65964344  0.00018557
0.67921025  0.00017563
0.70965408  0.00016969
0.72010229  0.00016060
0.73070434  0.00015199
0.74146247  0.00014384
0.74146247  0.00013707
0.75237900  0.00012884
0.75237900  0.00012193
0.75237900  0.00011539
0.75237900  0.00011072
0.04165178  0.00067987
0.03871650  0.00071339
0.03598808  0.00074172
0.03296656  0.00078007
0.03064335  0.00081853
0.02848386  0.00084714
0.02647655  0.00088890
0.02497304  0.00091998
0.02355491  0.00096536
0.02221731  0.00099911
0.02095567  0.00105564
0.01976567  0.00111536
0.01864325  0.00117846
0.01758456  0.00124513
0.01541715  0.00288460
0.01497301  0.00215991
0.01412275  0.00291091
0.00028106  0.00388705
0.00026510  0.00381604
0.00024284  0.00378075
0.00022245  0.00381523
0.00020377  0.00383239
0.00018666  0.00390302
0.00017099  0.00395674
0.00015664  0.00406684
0.00014349  0.00416086
0.00013144  0.00425705
0.00012040  0.00429587
0.00011029  0.00437504
0.00010103  0.00443526
0.00009255  0.00457966
0.00026125  0.00455388
0.00026900  0.00428031
0.00028519  0.00405112
0.00008603  0.00477247
0.00007997  0.00497339
0.00026900  0.00487876
0.00027698  0.00515532
0.00007766  0.00525494
0.00028659  0.00543509
0.00007766  0.00555263
0.00003231  0.02367064
0.00003527  0.02411196
0.00003851  0.02501680
0.00004204  0.02571831
0.00004589  0.02643951
0.00005009  0.02743169
0.00005469  0.02820093
0.00005970  0.02939387
0.00006517  0.03021813
0.00007114  0.03135211
0.00007766  0.03179033
0.00008478  0.03253207
0.00009255  0.03298678
0.00010103  0.03360178
0.00011029  0.03454404
0.00012040  0.03551272
0.00012397  0.03718272
0.00012580  0.03875222
0.00012397  0.04113520
0.00011357  0.04227983
0.00010403  0.04305905
0.00009530  0.04365172
0.00008730  0.04445623
0.00007997  0.04465614
0.00007325  0.04527080
0.00006147  0.04567887
0.00006710  0.04568367
0.00005631  0.04630761
0.00005158  0.04651585
0.00004328  0.04693514
0.00004725  0.04694007
0.00004265  0.04824538
0.00004286  0.05168581
0.00004589  0.05436795
0.00005009  0.05462391
0.00005469  0.05513366
0.00005970  0.05539322
0.00006517  0.05565401
0.00007114  0.05617337
0.00007766  0.05669757
0.00008478  0.05696450
0.00009255  0.05749609
0.00010103  0.05829972
0.00011029  0.05857419
0.00012040  0.05966625
0.00013144  0.06050022
0.00014349  0.06134585
0.00015664  0.06220329
0.00017099  0.06336301
0.00018666  0.06366132
0.00020377  0.06484822
0.00022245  0.06545337
0.00024284  0.06667368
0.00026510  0.06791675
0.00028939  0.06918298
0.00031592  0.07014997
0.00033494  0.07112799
0.00030682  0.07210701
0.00028106  0.07377393
0.00025746  0.07547938
0.00023584  0.07616775
0.00021604  0.07721614
0.00019790  0.07756337
0.00018129  0.07827075
0.00016607  0.07898457
0.00012765  0.07932309
0.00013935  0.07933142
0.00015212  0.07933976
0.00009812  0.08039803
0.00010712  0.08040648
0.00011693  0.08041492
0.00008989  0.08113126
0.00006329  0.08147042
0.00006909  0.08223070
0.00007543  0.08261783
0.00008294  0.08291228
0.00008989  0.08533446
0.00009812  0.08692543
0.00010712  0.08814041
0.00011693  0.08937237
0.00012765  0.09103863
0.00013935  0.09273595
0.00015212  0.09489968
0.00016607  0.09711389
0.00018129  0.09937976
0.00019790  0.10169851
0.00021604  0.10455033
0.00023584  0.10748212
0.00025372  0.11358073
0.00026900  0.12002328
0.00027698  0.12682682
0.00026125  0.13308215
0.00025372  0.14158796
0.00025496  0.15238285
0.00025372  0.16362275
0.00024641  0.17052038
0.00023242  0.17648281
0.00022245  0.18647045
0.00024284  0.19169944
0.00026510  0.19348836
0.00028939  0.19619280
0.00031592  0.19802366
0.00034487  0.20079149
0.00037648  0.20359800
0.00041099  0.20739388
0.00044865  0.21223282
0.00048977  0.21918840
0.00052691  0.23269133
0.00055052  0.24843935
0.00052691  0.26522530
0.00051173  0.27831644
0.00050430  0.29407742
0.00050430  0.31073638
0.00050430  0.32833903
0.00047567  0.33287004
0.00043573  0.34528898
0.00039915  0.35489699
0.00036563  0.36310122
0.00033494  0.37320488
0.00031285  0.39070939
0.00030236  0.41187880
0.00029798  0.43221611
0.00030236  0.45670837
0.00030682  0.48258853
0.00031133  0.50295880
0.00029365  0.53141330
0.00027698  0.56147760
0.00026125  0.59324276
0.00024641  0.62250258
0.00024284  0.65323985
0.00026510  0.66541884
0.00028939  0.67782488
0.00031592  0.68729902
0.00034487  0.70333518
0.00037648  0.71644814
0.00041099  0.73316442
0.00044865  0.74683351
0.00048977  0.76075745
0.00053466  0.76785679
0.00058367  0.77858932
0.00063716  0.78585507
0.00069556  0.80050652
0.00075931  0.81169541
0.00082891  0.83063401
0.00090488  0.84612032
0.00094544  0.87380463
0.00091820  0.94254798
0.00090488  0.98908811
0.00085350  0.99814349
0.00078184  1.02591783
0.00071619  1.04003887
0.00065606  1.05920682
0.00060098  1.07378606
0.00055052  1.08856598
0.00050430  1.09346112
0.00046196  1.10851185
0.00042318  1.11862143
0.00038765  1.12365173
0.00035510  1.13911801
0.00032529  1.17620364
0.00029798  1.20893268
0.00027296  1.24829123
0.00025151  1.30442071
0.00026900  1.39369954
0.00028519  1.44263371
0.00030682  1.49331215
0.00033494  1.49346899
0.00036563  1.50740594
0.00039915  1.51450264
0.00043573  1.51466171
0.00047567  1.51482079
0.00051926  1.51497989
0.00056685  1.51513900
0.00061881  1.53631649
0.00067552  1.53647785
0.00073744  1.53663922
0.00080503  1.55811723
0.00087881  1.55828088
0.00095936  1.55844454
0.00104729  1.56578152
0.00114328  1.58039329
0.00124806  1.60248286
0.00136245  1.61002717
0.00148732  1.62505184
0.00162364  1.65534925
0.00177246  1.67848650
0.00193491  1.70978015
0.00211225  1.75772565
0.00230585  1.80701564
0.00251719  1.87482672
0.00266873  1.89225624
0.00282941  1.97223276
0.00259185  2.00858106
0.00237424  2.07397332
0.00217491  2.10252011
0.00199230  2.13145983
0.00182503  2.14104475
0.00167180  2.17051473
0.00153144  2.18027527
0.00128508  2.19992822
0.00140286  2.20015927
0.00117719  2.20982103
0.00090488  2.22950614
0.00098782  2.22974030
0.00107835  2.22997449
0.00069556  2.24936661
0.00075931  2.25995638
0.00083377  2.27269810
0.00090488  2.32357389
0.00098782  2.35605109
0.00107835  2.39997722
0.00117719  2.45597386
0.00128508  2.49030164
0.00140286  2.53673074
0.00153144  2.58402547
0.00167180  2.62014306
0.00182503  2.63247841
0.00199230  2.64487182
0.00217491  2.66955359
0.00237424  2.69446569
0.00259185  2.70715094
0.00282941  2.73241389
0.00308873  2.75791260
0.00337183  2.79646066
0.00368087  2.83554752
0.00401823  2.88841337
0.00438652  2.94226485
0.00458313  3.02461275
0.00426015  3.12313805
0.00390247  3.26954702
0.00347184  3.43845220
0.00379005  3.45464005
0.00413742  3.56786017
0.00451663  3.63437924
0.00493060  3.73629418
0.00538251  3.82346996
0.00587584  3.93068737
0.00641438  4.11581770
0.00700228  4.32950214
0.00742386  4.45075385
0.00753316  4.57516107
0.00753316  4.83433573
0.00742386  5.17895611
0.00714008  5.37248946
0.00690068  5.66358149
0.00670189  5.98420372
0.00632131  6.19344770
0.00587584  6.45419794
0.00538251  6.72580830
0.00493060  6.97673917
0.00458313  7.25379357
0.00426015  7.50729869
0.00390247  7.71619678
0.00384585  7.93160180
0.00362746  8.32280296
0.00354016  8.97762106
0.00373506  9.61838525
0.00395993  10.16396112
0.00426015  10.54519505
0.00465061  10.84090247
0.00507686  11.14490210
0.00554217  11.51015787
0.00605013  11.83292470
0.00660465  12.10901228
0.00720999  12.39154158
0.00787081  12.62256907
0.00859220  12.97653004
0.00937971  13.40181439
0.01009083  13.77738572
0.01069835  14.55886920
0.01134245  15.38468013
0.01185085  15.81526548
0.01085586  16.33015426
0.01009083  17.05678573
0.00937971  17.65288521
0.00897733  18.52388214
0.00884707  19.43853472
0.00884707  20.72919073
0.00965794  21.60606971
0.01054313  22.31417297
0.01150944  23.25809932
0.01256433  24.24195531
0.01351689  25.26698776
0.01433068  26.15413670
0.01519346  27.44794999
0.01587447  28.21616128
0.01610819  29.81507804
0.01683019  30.64954034
0.01707798  32.38634867
0.01758456  34.93667081
0.01758456  36.66237836
0.01707798  38.73788015
0.01634535  40.37019625
0.01666700  42.07448522
0.01707798  46.33505845
0.01837275  48.96414145
0.02005668  51.50625488
0.02189495  53.93213336
0.02390170  55.44449349
0.02609239  56.47819878
0.02848386  58.06195545
0.03109451  59.69012368
0.03394444  61.93008878
0.03705558  64.54983375
0.04045186  67.90112297
0.04415943  70.77345255
0.04288728  73.75695749
0.03928652  76.15822164
0.03598808  78.99958261
0.03296656  80.82583394
0.03019873  82.69430313
0.02766329  85.38653546
0.02534071  87.76250114
0.02321314  89.37996650
0.02126420  91.44618352
0.01947888  92.91796293
0.01784346  93.98089432


