0.01415  3.11585
0.01437  3.33452
0.01482  3.53406
0.01548  3.73118
0.01626  3.98819
0.01697  4.18592
0.01785  4.53692
0.01870  4.80032
0.01936  5.13324
0.02020  5.40699
0.02084  5.74589
0.02176  6.03725
0.02252  6.64151
0.02322  7.29440
0.02396  7.84193
0.02510  8.45395
0.02629  8.98471
0.02754  9.18161
0.02840  9.68780
0.02975  10.11413
0.03117  10.48422
0.03265  10.82917
0.03420  11.18548
0.03582  11.43061
0.03753  11.72283
0.03931  12.10854
0.04118  12.66396
0.04247  13.48173
0.04247  14.17162
0.04118  14.63082
0.03932  15.26582
0.03754  15.81522
0.03584  16.50163
0.03422  17.27931
0.03267  17.90117
0.03119  18.54542
0.03062  19.82856
0.03168  21.54270
0.03230  22.95260
0.03319  23.39016
0.03371  24.94259
0.03531  25.76326
0.03698  26.51624
0.03874  27.19411
0.04058  27.69119
0.04251  28.29805
0.04453  28.91821
0.04664  29.55196
0.04886  30.30744
0.05118  30.86142
0.05361  31.53776
0.05616  32.34401
0.05882  33.52750
0.06067  34.13704
0.06162  36.79414
0.06376  40.00344
0.06659  42.90998
0.06975  44.95832
0.07307  46.60339
0.07654  48.30865
0.08017  49.54363
0.08398  50.26972
0.08797  51.00645
0.09215  52.12426
0.09653  53.45680
0.10111  54.82340
0.10591  56.02486
0.11095  57.25266
0.11622  58.71630
0.12174  60.86478
0.12752  63.54329
0.13358  64.47454
0.13992  65.65307
0.14657  66.61524
0.15353  67.35101
0.16082  68.82702
0.16846  69.09286
0.17646  70.35580
0.18484  71.13288
0.19437  72.30587
0.19741  77.93388
0.20600  82.08991
0.21578  85.09365
0.22516  87.26692
0.21580  90.73262
0.21032  94.68277
0.01415  2.88083
0.01437  2.67331
0.01482  2.49650
0.01528  2.36698
0.01576  2.22624
0.01625  2.09949
0.01676  1.95888
0.01723  1.76996
0.01748  1.59059
0.01769  1.49184
0.01769  1.39913
0.01768  1.31217
0.01768  1.23062
0.01768  1.15414
0.01782  1.07861
0.01838  0.99656
0.01866  0.91902
0.01895  0.87126
0.01954  0.82900
0.02039  0.78186
0.02079  0.74256
0.02177  0.71932
0.02246  0.68200
0.02352  0.65131
0.02464  0.62422
0.02581  0.59825
0.02703  0.57747
0.02831  0.55345
0.02965  0.53232
0.03106  0.51566
0.03253  0.49775
0.03408  0.47875
0.03569  0.46543
0.03739  0.45247
0.03916  0.43831
0.04102  0.42460
0.04296  0.41131
0.04500  0.39844
0.04714  0.38597
0.04937  0.37657
0.05172  0.36609
0.05417  0.35717
0.05674  0.34723
0.05943  0.33756
0.06225  0.32700
0.06520  0.32017
0.06830  0.31126
0.07154  0.30260
0.07493  0.29628
0.07849  0.28907
0.08221  0.28002
0.08611  0.27320
0.09020  0.26749
0.09447  0.26005
0.09896  0.25371
0.10365  0.24665
0.10857  0.24150
0.11372  0.23478
0.11912  0.22906
0.12477  0.22348
0.13069  0.21882
0.13689  0.21425
0.14338  0.20829
0.15018  0.20177
0.15731  0.19756
0.16477  0.19274
0.17259  0.18872
0.18078  0.18412
0.18936  0.17964
0.19834  0.17589
0.20775  0.17221
0.21761  0.16623
0.22793  0.16276
0.23875  0.15936
0.25007  0.15493
0.26194  0.15169
0.27437  0.14853
0.28738  0.14491
0.30102  0.14188
0.31530  0.13843
0.33026  0.13554
0.34593  0.13271
0.36234  0.12947
0.37954  0.12677
0.39754  0.12280
0.41640  0.11981
0.43616  0.11689
0.45685  0.11445
0.47853  0.11167
0.50123  0.10933
0.52501  0.10667
0.54992  0.10444
0.57602  0.10226
0.60335  0.09977
0.63197  0.09734
0.66195  0.09497
0.69336  0.09299
0.72626  0.09072
0.76072  0.08883
0.79681  0.08697
0.83461  0.08455
0.87422  0.08279
0.91570  0.08106
0.95915  0.07965

