0.97383195  0.02178461
0.91416533  0.02221040
0.85815449  0.02291035
0.80557542  0.02381696
0.75621787  0.02466331
0.70988445  0.02544057
0.66638988  0.02593781
0.62556022  0.02685952
0.58723218  0.02781399
0.55125251  0.02880238
0.51747730  0.02947979
0.48577150  0.03052737
0.45600832  0.03161218
0.42806872  0.03260843
0.40184098  0.03324577
0.37722021  0.03456137
0.35410795  0.03551213
0.33241178  0.03706133
0.31204493  0.03822930
0.29292596  0.03958780
0.27497841  0.04083540
0.25813050  0.04163353
0.24231486  0.04311300
0.22746825  0.04464505
0.21353128  0.04569508
0.20044824  0.04731888
0.18816679  0.04919139
0.17663782  0.05054461
0.16581523  0.05213750
0.15565574  0.05336375
0.14611873  0.05526006
0.13716604  0.05722376
0.12876189  0.05925723
0.12087266  0.06136297
0.11346680  0.06354354
0.10651469  0.06580159
0.09998855  0.06708770
0.09386225  0.06920194
0.08811132  0.07110564
0.08271275  0.07334651
0.07764494  0.07624898
0.07288764  0.07865194
0.06842182  0.08176437
0.06422962  0.08434114
0.06029428  0.08598961
0.05660005  0.08835512
0.05313217  0.09185152
0.04987676  0.09548628
0.04682082  0.09849550
0.04395211  0.10159954
0.04125917  0.10562005
0.03873122  0.10768442
0.03635816  0.11064675
0.03413050  0.11369056
0.03203933  0.11818954
0.03007628  0.12238947
0.02823351  0.12772864
0.02650364  0.13226755
0.02487977  0.13537842
0.02335538  0.13856246
0.02192440  0.14404567
0.02058109  0.14974587
0.01932009  0.15446505
0.01813635  0.15933295
0.01702514  0.16563810
0.01598201  0.17152414
0.01500279  0.17352119
0.01408357  0.17760232
0.01322067  0.18463043
0.01241064  0.19193665
0.01165024  0.19798546
0.01093643  0.20422489
0.01026636  0.21479896
0.00963734  0.22070793
0.00904686  0.22589888
0.00849256  0.23392631
0.00797222  0.24223901
0.00748376  0.25084710
0.00702524  0.25875245
0.00659480  0.26794736
0.00619074  0.27855061
0.00581143  0.28179376
0.00545536  0.29294494
0.00512111  0.30335490
0.00480734  0.31291501
0.00451280  0.32783874
0.00423630  0.33948866
0.00397674  0.35155258
0.00373309  0.36122354
0.00350436  0.37260736
0.00328965  0.38735223
0.00308809  0.40268058
0.00289889  0.41861551
0.00272127  0.43349124
0.00255454  0.44889558
0.00239802  0.46124438
0.00225110  0.47578032
0.00211317  0.49268743
0.00198370  0.51618497
0.00186216  0.53661151
0.00174806  0.56002091
0.00164096  0.58445152
0.00154042  0.59819755
0.00144604  0.62429360
0.00135744  0.65152808
0.00127427  0.68260115
0.00119619  0.71237926
0.00112290  0.73769404
0.00105410  0.76987555
0.00098952  0.80346097
0.00092889  0.84178011
0.00087198  0.88536461
0.00081855  0.93120578
0.00076840  0.97942044
0.00072132  1.03013149
0.00067712  1.10046100
0.00063564  1.18017463
0.00059669  1.25097613
0.00056607  1.34946620
0.00054270  1.43046958
0.00051485  1.54309127
0.00049360  1.68414859
0.00047656  1.84528497
0.00047824  1.99461108
0.00047992  2.17286255
0.00049568  2.42116871
0.00052360  2.63979835
0.00056013  2.93247937
0.00059669  3.13328696
0.00063564  3.29614935
0.00067712  3.48099353
0.00072132  3.67620355
0.00076840  3.88236071
0.00081855  4.05250302
0.00087198  4.26314454
0.00092889  4.62651267
0.00095872  4.93347971
0.00096210  5.36392335
0.00093544  5.79771072
0.00089055  6.21780942
0.00083599  6.56523884
0.00078476  7.04080228
0.00073668  7.55081390
0.00069155  8.05065007
0.00066300  8.68462102
0.00063564  9.47850108
0.00060940  10.22491215
0.00057206  10.93362026
0.00054845  11.82908426
0.00053138  12.83548894
0.00053325  14.06438935
0.00055426  15.20333188
0.00058425  16.18107694
0.00062238  17.08849269
0.00066300  18.11714309
0.00070628  19.13313115
0.00075237  20.04948103
0.00080148  20.92813842
0.00085379  21.42446299
0.00090952  22.10388122
0.00096888  22.89374044
0.00103212  23.61975278
0.00109948  24.17991076
0.00117125  24.84984380
0.00124769  25.83815524
0.00132913  26.97049807
0.00140104  28.76089691
0.00135744  30.78577099
0.00127427  32.50597212
0.00119619  34.45608310
0.00112290  35.54195309
0.00105410  37.09245196
0.00102130  39.16692438
0.00097914  41.51796759
0.00097914  44.52965277
0.00098259  48.50911341
0.00101059  54.72933322
0.00103212  58.93005847
0.00108414  61.27248110
0.00113480  66.23506772
0.00115897  70.21763625
0.00116305  75.60514726
0.00113480  82.67924928
0.00113480  90.24290217
0.00113480  97.35554940

