0.96362880  0.05224389
0.93437626  0.05336479
0.89214322  0.05450447
0.85181908  0.05566849
0.81332083  0.05706073
0.77656565  0.05869699
0.74146851  0.06016497
0.70796045  0.06189023
0.67596121  0.06321199
0.64540832  0.06456197
0.61623639  0.06594078
0.58838538  0.06758993
0.56179311  0.06928032
0.53640052  0.07075990
0.51215566  0.07227108
0.48900861  0.07407854
0.46690771  0.07593120
0.44580386  0.07755282
0.42565732  0.07977670
0.40641632  0.08119005
0.38804820  0.08322057
0.37050874  0.08499787
0.35376205  0.08681312
0.33777501  0.08930254
0.32250786  0.09120972
0.30793077  0.09315764
0.29401374  0.09548746
0.28072569  0.09787555
0.26803712  0.09996582
0.25592206  0.10210074
0.24435656  0.10502854
0.23331184  0.10727157
0.22276634  0.10956251
0.21269834  0.11230261
0.20308455  0.11470099
0.19390608  0.11756961
0.18514168  0.12008047
0.17677414  0.12308362
0.16878477  0.12616188
0.16115714  0.12977965
0.15387297  0.13255128
0.14691922  0.13635227
0.14027859  0.13926426
0.13393811  0.14223845
0.12788422  0.14527616
0.12210494  0.14944204
0.11658590  0.15263359
0.11131631  0.15589330
0.10628534  0.15979211
0.10148173  0.16378842
0.09689484  0.16728636
0.09251528  0.17085900
0.08833508  0.17701799
0.08434241  0.18079846
0.08053020  0.18465967
0.07689030  0.18860334
0.07341552  0.19401166
0.07009720  0.19815506
0.06692886  0.20238694
0.06390450  0.20893513
0.06101632  0.21416049
0.05825890  0.22030167
0.05562564  0.22500653
0.05311141  0.22981187
0.05071123  0.23640186
0.04841951  0.24318083
0.04623099  0.24837430
0.04414174  0.25549658
0.04214657  0.26095308
0.04024191  0.26843606
0.03842300  0.27416890
0.03668661  0.28203086
0.03502869  0.29011826
0.03344556  0.29737397
0.03193397  0.30481114
0.03049071  0.31243431
0.02911279  0.32139355
0.02779725  0.33179218
0.02654094  0.34009013
0.02534162  0.35109369
0.02419620  0.35859180
0.02310283  0.37019397
0.02205869  0.37945233
0.02106183  0.39033336
0.02011009  0.40296253
0.01920136  0.41600031
0.01833370  0.42945993
0.01750524  0.44335503
0.01671422  0.45769971
0.01595895  0.47250850
0.01523780  0.48779643
0.01454924  0.50357900
0.01389190  0.52359769
0.01326411  0.53861216
0.01266494  0.56403671
0.01209264  0.58228602
0.01154634  0.60759897
0.01102481  0.63855572
0.01052675  0.66631479
0.01005140  0.70780380
0.00959743  0.74652648
0.00923503  0.79588480
0.00895507  0.84401540
0.00868359  0.89505667
0.00842044  0.95940584
0.00835640  1.02853053
0.00822899  1.08500944
0.00822949  1.14470043
0.00823008  1.22068003
0.00823068  1.30170280
0.00823128  1.38810345
0.00823187  1.48023896
0.00810626  1.54488620
0.00804485  1.70114168
0.00790185  1.79452625
0.00774155  1.91339136
0.00756507  2.05105184
0.00733586  2.21031563
0.00711343  2.33146351
0.00689778  2.47245720
0.00668871  2.63605687
0.00653628  2.84088358
0.00653687  3.07851257
0.00669061  3.39054044
0.00695413  3.59714625
0.00728401  3.82334546
0.00762959  4.09289023
0.00799141  4.30391689
0.00830615  4.55803615
0.00863335  4.86175160
0.00904291  5.18595527
0.00939902  5.47257976
0.00976928  5.83723396
0.01012804  6.22608578
0.01047321  6.74828784
0.01063672  7.15846265
0.01088637  7.55337586
0.01122836  8.11402246
0.01167037  8.45614840
0.01213003  8.97143186
0.01270517  9.36686868
0.01330769  9.84981812
0.01393856  10.21079998
0.01459928  10.54728719
0.01529131  10.89486302
0.01601603  11.17381988
0.01677508  11.45991927
0.01757019  11.79538187
0.01840305  12.18408747
0.01927610  12.99657774
0.01972867  13.81183724
0.01913035  14.49105305
0.01840736  14.98736273
0.01757564  15.52761546
0.01678164  16.20262673
0.01602358  16.96745250
0.01529951  17.51643152
0.01460846  18.40888166
0.01409314  19.76698849
0.01449841  21.04515995
0.01472495  22.56472586
0.01530531  24.50179141
0.01603101  25.58176511
0.01679077  26.23677186
0.01758655  26.90854969
0.01841997  27.49917264
0.01929281  28.00260334
0.02020700  28.51525042
0.02116477  29.34996835
0.02216776  29.99417865
0.02321818  30.54328573
0.02431839  31.10244539
0.02547092  31.89880606
0.02667830  32.95000090
0.02794347  34.64888074
0.02860046  37.88925763
0.02949924  41.06649092
0.03066074  43.10474651
0.03211451  45.00468892
0.03363694  46.65404695
0.03523126  48.01973614
0.03690101  49.24925455
0.03879937  50.69213806
0.04111094  51.80855109
0.04305968  53.51585265
0.04509917  53.53138179
0.04723659  54.90202279
0.04947531  56.30775829
0.05182013  57.74948686
0.05427586  59.01704578
0.05684934  61.61835995
0.05954436  63.87658547
0.06236588  65.04598192
0.06532058  65.76550277
0.06841527  66.49298277
0.07165714  67.71027792
0.07505264  68.94985825
0.07860808  69.46411273
0.08233261  70.48370401
0.08623327  71.26337546
0.09314934  72.58204052
0.09032000  72.95767802
0.08928703  77.37909849
0.09316211  81.94982969
0.09757662  83.45009522
0.10063632  85.27351629
0.10142103  89.48859089
0.09758724  91.89498918
0.09610003  97.63584076
0.09911383  100.12606784

