0.93363654  0.01499403
0.87643269  0.01558737
0.82273372  0.01589203
0.77232488  0.01639286
0.72500459  0.01690948
0.68058360  0.01757862
0.63888429  0.01813260
0.59973990  0.01885015
0.56299387  0.01944421
0.52849928  0.02005698
0.49611816  0.02036960
0.46572104  0.02092995
0.43718634  0.02167371
0.41039996  0.02253138
0.38525478  0.02333205
0.36165025  0.02406735
0.33949196  0.02492260
0.31869131  0.02560820
0.29916512  0.02621049
0.28083529  0.02724770
0.26362853  0.02821596
0.24747603  0.02910517
0.23231319  0.03013944
0.21807938  0.03108927
0.20471767  0.03219405
0.19217463  0.03269584
0.18040011  0.03372623
0.16934700  0.03478910
0.15897112  0.03616578
0.14923097  0.03730553
0.14008760  0.03878179
0.13150444  0.04000399
0.12344718  0.04126470
0.11588358  0.04223522
0.10878340  0.04373607
0.10211825  0.04529026
0.09586147  0.04671756
0.08998804  0.04837770
0.08447448  0.04990230
0.07929874  0.05147495
0.07444011  0.05289099
0.06987917  0.05413496
0.06559767  0.05605868
0.06157851  0.05782535
0.05780560  0.06034795
0.05426385  0.06224979
0.05093911  0.06446187
0.04781808  0.06623517
0.04488826  0.06779299
0.04213796  0.06992946
0.03955617  0.07269672
0.03713257  0.07469655
0.03485746  0.07705058
0.03272175  0.07978862
0.03071689  0.08230312
0.02883486  0.08489687
0.02706815  0.08689361
0.02540969  0.08998142
0.02385284  0.09317896
0.02239138  0.09649012
0.02101946  0.09991895
0.01973160  0.10346962
0.01852265  0.10673043
0.01738776  0.10881650
0.01632242  0.11268336
0.01532234  0.11623453
0.01438355  0.11943206
0.01350227  0.12415824
0.01267498  0.12807104
0.01189839  0.13313908
0.01116937  0.13680165
0.01048503  0.14056496
0.00984261  0.14612742
0.00923955  0.15073257
0.00867345  0.15669738
0.00814203  0.16163563
0.00764316  0.16803190
0.00717487  0.17198393
0.00673526  0.17671509
0.00632260  0.18228420
0.00593521  0.18729870
0.00557156  0.19395446
0.00523019  0.20084674
0.00490974  0.20798394
0.00460892  0.21537476
0.00432653  0.22129957
0.00406144  0.22827373
0.00381260  0.23730701
0.00357900  0.24478565
0.00335972  0.25447234
0.00315387  0.26249194
0.00296063  0.27287930
0.00277923  0.28038602
0.00260895  0.28922228
0.00244910  0.29602465
0.00229904  0.30773898
0.00215818  0.31743725
0.00202595  0.33257666
0.00190182  0.34439495
0.00178529  0.35663321
0.00167591  0.36219185
0.00157323  0.37946572
0.00147684  0.39142443
0.00138635  0.40850012
0.00130141  0.42632072
0.00122167  0.43804850
0.00114682  0.45715814
0.00107655  0.46609341
0.00101059  0.48265629
0.00094867  0.50175603
0.00089055  0.52364487
0.00083599  0.54225287
0.00078476  0.56811432
0.00073668  0.58147611
0.00069155  0.60684270
0.00064917  0.63331589
0.00060940  0.66094396
0.00057206  0.69787519
0.00053701  0.72831963
0.00050411  0.74835519
0.00047322  0.78710247
0.00044423  0.82143940
0.00041701  0.86397073
0.00039146  0.90870419
0.00036748  0.94099548
0.00034496  0.99357501
0.00032725  1.04300474
0.00031046  1.11206558
0.00029144  1.17878106
0.00027358  1.23981432
0.00026229  1.32450167
0.00024883  1.43714284
0.00023606  1.54126915
0.00022871  1.67239853
0.00022315  1.80063814
0.00021927  2.02744184
0.00022631  2.34601124
0.00023358  2.54585101
0.00024364  2.73069971
0.00025682  2.92901664
0.00027358  3.10533027
0.00029144  3.29225718
0.00031046  3.44993443
0.00033072  3.67186260
0.00035231  3.84772043
0.00037530  4.01634464
0.00039980  4.25811052
0.00042143  4.54077924
0.00044423  4.82810415
0.00045051  5.35776060
0.00043496  5.72379129
0.00041701  6.11476333
0.00039146  6.43136493
0.00036748  6.87044944
0.00034496  7.36812129
0.00032382  7.84059710
0.00031046  8.32742184
0.00029974  9.01830114
0.00028838  9.91962110
0.00027358  10.57643247
0.00025954  11.40912107
0.00024795  12.21210563
0.00024278  13.30296354
0.00024883  14.74821987
0.00026229  15.97392188
0.00027941  16.80421644
0.00029764  17.67766816
0.00031707  18.74178428
0.00033777  19.56313259
0.00035981  20.57998761
0.00038330  21.39848117
0.00040831  21.73617130
0.00043496  22.42547450
0.00046335  23.04679881
0.00049360  23.77766497
0.00052581  24.43645332
0.00056013  25.40832367
0.00059669  26.41884660
0.00063564  28.44843007
0.00062897  30.45227773
0.00059669  32.21696698
0.00056013  33.75347796
0.00052581  35.08917515
0.00049360  37.33924484
0.00046826  39.81160143
0.00045689  42.78105623
0.00045850  46.60425086
0.00045850  49.98489158
0.00047322  54.87954741
0.00048842  60.25350118
0.00050945  64.62837668
0.00053138  69.32090235
0.00053138  76.99881509
0.00052030  82.10109729
0.00052030  87.54427480
0.00052581  93.89617624



