0.92389802  0.08737166
0.87073091  0.09019367
0.82062338  0.09310683
0.77340868  0.09568057
0.72891048  0.09832545
0.68695595  0.10196113
0.64743183  0.10477963
0.61018173  0.10767604
0.57506790  0.11115385
0.54197475  0.11474400
0.51079214  0.11791585
0.48140363  0.12117538
0.45370053  0.12508921
0.42759164  0.12912945
0.40298038  0.13390414
0.37979026  0.13822909
0.35793897  0.14205014
0.33734083  0.14663820
0.31793187  0.15069170
0.29963600  0.15555887
0.28239639  0.15985897
0.26614226  0.16576991
0.25082670  0.17112409
0.23639249  0.17665121
0.22278893  0.18235684
0.20997073  0.18739771
0.19789003  0.19257792
0.18649541  0.20151235
0.17576537  0.20708273
0.16565268  0.21280709
0.15611806  0.22067584
0.14713401  0.22780342
0.13866696  0.23516121
0.13068716  0.24275666
0.12316509  0.25173282
0.11607737  0.25986351
0.10939620  0.26947222
0.10310083  0.27817586
0.09716657  0.28846169
0.09157497  0.29777868
0.08630411  0.30878933
0.08133663  0.32020712
0.07665507  0.33204709
0.07224209  0.34588491
0.06808481  0.35705660
0.06416445  0.37362183
0.06047128  0.38743687
0.05699068  0.40176272
0.05370978  0.41850589
0.05061653  0.43990611
0.04770200  0.46031504
0.04495475  0.48385316
0.04236521  0.51089922
0.03992580  0.53460180
0.03762458  0.57219203
0.03545643  0.60966314
0.03407894  0.64955684
0.03275458  0.69519656
0.03210853  0.74737815
0.03178610  0.81442750
0.03177921  0.88346789
0.03208650  0.96704153
0.03271870  1.04896872
0.03336295  1.14299200
0.03401989  1.24544297
0.03503448  1.34483052
0.03537368  1.46540838
0.03467431  1.60414792
0.03267538  1.72472172
0.03079280  1.82938003
0.02901938  1.92292502
0.02734876  2.00306151
0.02577400  2.09599124
0.02429021  2.18334014
0.02289157  2.28463368
0.02157372  2.37984412
0.02033076  2.52425608
0.01954067  2.70161755
0.01915526  2.90440146
0.01924521  3.18638210
0.01952703  3.51149327
0.02011000  3.74910366
0.02030433  4.11304466
0.02030091  4.38176213
0.02049844  4.68907252
0.02069547  5.24404851
0.02152233  5.82465498
0.02238324  6.36079731
0.02327922  6.87599602
0.02421062  7.48349612
0.02530401  8.11700471
0.02671072  8.58773771
0.02778067  9.18936580
0.02946951  9.78831966
0.03126253  10.23947723
0.03316544  10.61502311
0.03518502  10.90530010
0.03732713  11.25427543
0.03959966  11.61441815
0.04159794  12.01349737
0.04412463  13.03001830
0.04635125  13.47773849
0.04455372  13.97541773
0.04198829  14.62379110
0.03957010  15.37157584
0.03803280  16.37742464
0.03584156  17.37122754
0.03496114  18.80240390
0.03726874  20.25530810
0.03891317  22.02972643
0.04111355  24.04569830
0.04361503  25.15399873
0.04627037  25.95893989
0.04908797  26.66880956
0.05207589  27.64692213
0.05524568  28.66090822
0.05860841  29.71208354
0.06096564  29.97904154
0.06095169  32.66775732
0.06093590  36.00219663
0.06337110  39.85291326
0.06722679  41.68979070
0.07131536  44.00741283
0.07565440  46.03577707
0.08026229  47.08135082
0.08514979  48.36883109
0.09033601  49.46739363
0.09583580  51.05037620
0.10167286  52.20984253
0.10786415  53.63756584
0.11443383  54.85579294
0.12140073  56.61120711
0.12878868  58.95339433
0.13662787  61.11558518
0.14495470  61.66172759
0.15378345  63.06220105
0.16315387  63.91401194
0.17309525  64.77732865
0.18363795  66.24856426
0.19482748  67.14341487
0.20669383  68.66838950
0.21500705  69.28536327
0.19479463  71.53009431
0.18722233  76.90286099
0.19862787  78.29475917
0.21072570  80.07300536
0.22135666  83.19962521
0.21068763  85.69090751

