0.017385 0.000049927
0.016822 0.00019090
0.016190 0.00060206
0.015136 0.0012599
0.014081 0.0019413
0.012958 0.0028928
0.012291 0.0034446
0.011830 0.0039243
0.011320 0.0045219
0.011029 0.0048755
0.010629 0.0053877
0.010084 0.0061195
0.0099021 0.0064000
0.0096116 0.0068878
0.0094301 0.0072171
0.0092850 0.0074854
0.0091398 0.0077537
0.0088859 0.0082415
0.0085959 0.0088513
0.0083422 0.0093879
0.0081249 0.0098757
0.0080164 0.010168
0.0077781 0.010846
0.0075691 0.011410
0.0074747 0.011754
0.0074659 0.011974
0.0074659 0.012009
