0.029789 0.000049927
0.030177 0.00021439
0.030434 0.00038142
0.030838 0.00062330
0.031202 0.00086050
0.031838 0.0013069
0.032333 0.0017533
0.033218 0.0026461
0.033679 0.0031630
0.034246 0.0038678
0.034706 0.0045257
0.035168 0.0052540
0.035359 0.0056134
0.035507 0.0058817
0.035654 0.0061500
0.035802 0.0064305
0.035949 0.0067293
0.036097 0.0070464
0.036245 0.0073573
0.036393 0.0076927
0.036540 0.0079976
0.036688 0.0083879
0.036875 0.0087783
0.037017 0.0091542
0.037195 0.0096123
0.037517 0.010599
0.037767 0.011480
0.037874 0.011870
0.037911 0.012009
