0.0019984 0.0066618
0.0022324 0.0064562
0.0026124 0.0060646
0.0028459 0.0057513
0.0030213 0.0055556
0.0033722 0.0052227
0.0038112 0.0048899
0.0045130 0.0042340
0.0048350 0.0040088
0.0059491 0.0035977
0.0069453 0.0031082
0.0078253 0.0028928
0.0087055 0.0027362
0.0095859 0.0026187
0.010848 0.0025012
0.011523 0.0023152
0.012462 0.0022075
0.013577 0.0020999
0.014693 0.0020215
0.016278 0.0019432
0.017805 0.0018943
0.019214 0.0018551
0.021034 0.0018355
0.023442 0.0017768
0.026143 0.0017572
0.031664 0.0017181
0.040062 0.0016887
