4.67455771e-3 2.49908774e-3
4.84985726e-3 3.59057550e-3
5.20652969e-3 3.66003381e-3
6.15810286e-3 3.68980166e-3
8.00262593e-3 3.45165888e-3
9.31169841e-3 3.26312917e-3
1.06206568e-2 3.11428993e-3
1.19295297e-2 2.99521854e-3
1.32384311e-2 2.86622453e-3
1.47852757e-2 2.72730791e-3
1.62726131e-2 2.59831390e-3
1.74030785e-2 2.46931989e-3
1.85932792e-2 2.25102234e-3
1.97833658e-2 2.07241525e-3
2.07355093e-2 1.90373078e-3
2.19850746e-2 1.72512369e-3
2.29073361e-2 1.60605230e-3
2.31461347e-2 1.29845120e-3
2.34146156e-2 1.01069534e-3
2.34743509e-2 9.21391796e-4

