0.62015826 0.15731866
0.58389138 0.16015763
0.55450373 0.16207131
0.52658019 0.16566757
0.50439400 0.16799075
0.49578294 0.16899718
0.47899933 0.17102815
0.47082181 0.17205277
0.45098743 0.17411452
0.44328561 0.17551071
0.42460400 0.17869017
0.39976860 0.18264896
0.40670508 0.18266143
0.38622874 0.18596408
0.37963501 0.18707818
0.36051746 0.19122932
0.34236263 0.19547258
0.32511649 0.20102076
0.31142026 0.20342964
0.30609844 0.20588847
0.29573112 0.20962539
0.29068568 0.21003362
0.28083719 0.21470879
0.27604428 0.21556057
0.26669335 0.21991545
0.26214332 0.22034372
0.24894097 0.22568703
0.23640219 0.23162589
0.22449496 0.23772103
0.21503029 0.24349405
0.21136168 0.24396824
0.20420070 0.24939876
0.20071685 0.24988444
0.19225575 0.25543794
0.18178811 0.26241930
0.17188894 0.27040705
0.16253159 0.27695967
0.15501164 0.28339526
0.14720310 0.29143899
0.13978950 0.29850636
0.13274775 0.30697900
0.12606001 0.31632849
0.12074466 0.32466363
0.11868464 0.32529588
0.11466358 0.33253669
0.11270603 0.33452890
0.10888877 0.34060067
0.10702859 0.34402398
0.10340479 0.34886020
0.10163830 0.35236653
0.09819533 0.35948525
0.09651838 0.36236790
0.09324832 0.37043390
0.09165637 0.37265315
0.08855053 0.38171601
0.08703829 0.38477692
0.08408942 0.39334173
0.08265430 0.39490217
0.07985305 0.40532153
0.07849068 0.40611085
0.07583140 0.41515053
0.07453723 0.41679749
0.07201107 0.42779455
0.07078249 0.42862764
0.06838320 0.44082366
0.06721614 0.44257247
0.06493810 0.45424959
0.06382984 0.45605166
0.06166657 0.46808442
0.06061413 0.46994138
0.05855985 0.48234062
0.05756076 0.48327993
0.05466120 0.49699708
0.05560964 0.49703101
0.05280897 0.50908396
0.05190711 0.51316622
0.04971759 0.52987948
0.04762123 0.54384160
0.04680824 0.54709973
0.04483404 0.56378169
0.04257533 0.58095249
0.04148914 0.58913952
0.03973906 0.60832715
0.03806280 0.62813970
0.03741320 0.63063162
0.03583485 0.65248323
0.03402932 0.67371091
0.03287546 0.69567668
0.03231458 0.69703144
0.03095097 0.72409430
0.02939118 0.75066903
0.02839459 0.77514395
0.02790968 0.78135970
0.02696363 0.80359223
0.02650315 0.81003609
0.02538477 0.84148646
0.02431331 0.87768573
0.02308750 0.91725628
0.02211338 0.95095262
0.02108875 0.99785421
0.02011160 1.04706901
0.01926238 1.09872986
0.01844902 1.15293959
0.01797660 1.20990653
0.01766960 1.21960856
0.01706950 1.28499091
0.01648959 1.35934218
0.01592901 1.44962550
0.01552046 1.54440210
0.01512200 1.66035335
0.01492446 1.81226704
0.01511551 1.93299506
0.01550771 2.06602754
0.01618660 2.18624210
0.01689599 2.27647989
0.01786528 2.38013047
0.01880986 2.45362559
0.01963510 2.51406949
0.02058489 2.57604637
0.02233583 2.64789784
0.02540847 2.77205252
0.02675301 2.81481391
0.02853449 2.85838126
0.02804751 2.86972086
0.02978689 2.91115564
0.03136340 2.94714701
0.03190705 2.96520800
0.03302316 2.98959767
0.03359577 3.00186763
0.03507072 3.04500256
0.03692646 3.09508928
0.03888062 3.13967090
0.03955479 3.15255680
0.04129018 3.23021854
0.04273111 3.34991281
0.04092748 3.49402018
0.03886624 3.57874982
0.03722828 3.64358056
0.03659293 3.65803515
0.03475059 3.72417506
0.03535335 3.73193702
0.03300063 3.80681213
0.03133826 3.91486256
0.02975963 4.02597983
0.02875055 4.15724349
0.02825987 4.17373586
0.02706690 4.36205803
0.02592414 4.56806726
0.02504469 4.74558846
0.02461684 4.79328541
0.02357820 4.96937165
0.02238996 5.15175075
0.02163114 5.28767790
0.02126173 5.33007888
0.02036441 5.54818545
0.01984272 5.84581926
0.01984159 5.96473439
0.02053402 6.18575488
0.02088995 6.22366303
0.02180633 6.38983479
0.02295981 6.53429694
0.02459403 6.65562133
0.02417429 6.68202511
0.02545360 6.77827290
0.02589526 6.77873563
0.02703213 6.87614174
0.02846219 7.01745255
0.02984006 7.09694045
0.03155417 7.23562334
0.03210149 7.25070390
0.03322043 7.62612247
0.03209437 7.84311345
0.03154681 7.85838719
0.03047696 8.13096071
0.02995682 8.16321736
0.02893958 8.58353890
0.02771823 8.93477691
0.02632150 9.24405468
0.02499530 9.54479766
0.02383801 9.88530826

