0.62317661 0.12927568
0.59690868 0.13201575
0.57176262 0.13359772
0.54767589 0.13519866
0.52010655 0.13722800
0.49819169 0.13929256
0.47719208 0.14224493
0.45708544 0.14438497
0.44225040 0.14553366
0.42483836 0.14698301
0.40693072 0.15009839
0.38978456 0.15235658
0.36383243 0.15730256
0.34849728 0.16047500
0.33237883 0.16321487
0.31836851 0.16667429
0.30364269 0.16969078
0.29209216 0.17434049
0.27978715 0.17642966
0.26684587 0.17962270
0.25559787 0.18342989
0.24482330 0.18750648
0.23349592 0.19186349
0.22365368 0.19593013
0.21422813 0.19947950
0.20519981 0.20309317
0.19654694 0.20865458
0.18826377 0.21243446
0.18032813 0.21693711
0.17198723 0.22086326
0.16473628 0.22622689
0.15778923 0.23265593
0.15049384 0.23520294
0.14414904 0.24091481
0.13807410 0.24527910
0.13225405 0.25047791
0.12667824 0.25656073
0.12133647 0.26358628
0.11622293 0.26836127
0.11132394 0.27404932
0.10617295 0.28069978
0.10169758 0.28664935
0.09741086 0.29272503
0.09330350 0.30043822
0.08937086 0.30649740
0.08523734 0.31173038
0.08164235 0.32123555
0.07820099 0.32804430
0.07490277 0.33804691
0.07174733 0.34209781
0.06872248 0.35040560
0.06582515 0.35891515
0.06277976 0.36688551
0.06065311 0.37429756
0.05809549 0.38454716
0.05583964 0.39034963
0.05731151 0.39038994
0.05399643 0.39265092
0.05197995 0.40108378
0.05130416 0.41220885
0.04975168 0.41571062
0.04838330 0.42356596
0.04697522 0.42793085
0.04622499 0.43925369
0.04388004 0.44319408
0.04562638 0.44326272
0.04309680 0.45259880
0.04128055 0.46079784
0.03925721 0.47435694
0.03760182 0.48734653
0.03627685 0.49320054
0.03464706 0.50977078
0.03328172 0.52163094
0.03187821 0.53645493
0.03044681 0.54947641
0.02987366 0.57153450
0.02872951 0.57669130
0.02733825 0.58521143
0.02618522 0.60305548
0.02508083 0.62144363
0.02402363 0.63461544
0.02301041 0.65396590
0.02181948 0.67796301
0.02089946 0.69582708
0.02001800 0.71704398
0.01911877 0.73964378
0.01831210 0.76681535
0.01748940 0.79257832
0.01675186 0.81510224
0.01604506 0.84504585
0.01521441 0.88047616
0.01463541 0.91008371
0.01411978 0.93333307
0.01373836 0.96846602
0.01308298 1.01724933
0.01285886 1.04521226
0.01228091 1.08796992
0.01210460 1.13718933
0.01159368 1.18610922
0.01145769 1.22666008
0.01119891 1.29061716
0.01095870 1.37502125
0.01090991 1.45622108
0.01116056 1.57534315
0.01123950 1.64343883
0.01158129 1.73198573
0.01190078 1.80076188
0.01233293 1.85519036
0.01294709 1.95135726
0.01345673 2.01962727
0.01410742 2.08195501
0.01478945 2.15269903
0.01543817 2.21240260
0.01611535 2.27376200
0.01682195 2.35098342
0.01756028 2.39438970
0.01825235 2.43855577
0.01913493 2.51381208
0.01974631 2.55342202
0.02079994 2.60104997
0.02085113 2.62329459
0.02148641 2.64936115
0.02190979 2.64956630
0.02281957 2.72110319
0.02382154 2.75465087
0.02497384 2.82255856
0.02607107 2.83158065
0.02733257 2.88681466
0.02853230 2.93715513
0.03004027 3.04926673
0.02893958 3.11083450
0.02744225 3.20556128
0.02628507 3.29334096
0.02506992 3.32269703
0.02401407 3.34899823
0.02315103 3.40289461
0.02193916 3.41246112
0.02105962 3.48481969
0.01911610 3.56150738
0.02004216 3.56217602
0.01815403 3.60043568
0.01738925 3.64358056
0.01665655 3.69839721
0.01595445 3.77678661
0.01528168 3.88020848
0.01476276 4.07999921
0.01481036 4.25450567
0.01529876 4.37330517
0.01587894 4.41907823
0.01657573 4.51428337
0.01730296 4.62549061
0.01806256 4.69668262
0.01885469 4.84154438
0.01934738 4.85668846
0.01996720 4.97535772
0.02025166 5.20181338
0.01942430 5.46399317
0.01868540 5.61371256
0.01764239 5.80789936
0.01707250 5.96924590
0.01665759 6.00880337
0.01620559 6.13386794
0.01586248 6.37855824
0.01622772 6.77981544
0.01662761 6.84538334
0.01718388 7.00341486
0.01793809 7.13271912
0.01867217 7.21330749
0.01949171 7.34648700
0.02034739 7.45955851
0.02096889 7.50565717
0.02211112 7.50723712
0.02314579 7.89232317
0.02374970 8.02536055
0.02294296 8.47263928
0.02226238 8.49725583
0.02086964 8.78209166
0.01990450 8.91406366
0.01906566 9.07554611
0.01826170 9.32406687
0.01749209 9.49297672

