0.62557944 0.15172347
0.61490298 0.15232538
0.59922897 0.15323272
0.58395117 0.15445620
0.56906289 0.15568944
0.55455735 0.15661682
0.54041849 0.15786731
0.52663711 0.15944856
0.51320718 0.16104565
0.50011972 0.16265874
0.48737156 0.16362763
0.47494025 0.16559972
0.46282865 0.16725843
0.45102848 0.16859389
0.43952666 0.17028258
0.42831572 0.17233488
0.41739549 0.17371087
0.40675136 0.17545082
0.39637866 0.17720819
0.38627049 0.17898316
0.37642009 0.18077592
0.36681880 0.18295469
0.35746444 0.18478722
0.34834665 0.18701433
0.33945949 0.18964982
0.33080283 0.19154941
0.32236509 0.19385803
0.31414257 0.19619447
0.30613153 0.19815961
0.29832307 0.20054790
0.29071545 0.20255665
0.28330021 0.20499793
0.27607568 0.20705125
0.26903386 0.20954670
0.26217315 0.21164559
0.25548594 0.21419641
0.24896929 0.21677797
0.24261887 0.21939065
0.23643043 0.22203482
0.23039983 0.22471085
0.22452178 0.22787757
0.21879369 0.23108892
0.21321296 0.23387408
0.20777456 0.23669280
0.20247604 0.23906359
0.19731152 0.24194487
0.19227872 0.24486086
0.18737430 0.24781200
0.18259497 0.25079871
0.17793754 0.25382142
0.17339892 0.25688056
0.16897606 0.25997656
0.16466601 0.26310989
0.16046407 0.26735559
0.15637025 0.27112328
0.15238174 0.27439095
0.14849496 0.27769799
0.14470732 0.28104490
0.14101629 0.28443214
0.13741941 0.28786021
0.13391428 0.29132959
0.13049854 0.29484079
0.12716921 0.29899581
0.12392553 0.30259941
0.12076458 0.30624643
0.11768358 0.31056219
0.11468119 0.31493876
0.11175604 0.31873450
0.10890425 0.32387781
0.10612645 0.32778128
0.10341891 0.33240052
0.10078102 0.33640671
0.09820985 0.34114750
0.09570483 0.34525912
0.09326370 0.34942029
0.09088484 0.35363162
0.08856615 0.35861514
0.08630661 0.36366890
0.08410520 0.36805196
0.08195901 0.37399108
0.07986804 0.37926152
0.07783086 0.38383250
0.07584521 0.38924163
0.07391021 0.39472698
0.07202459 0.40028964
0.07018747 0.40511406
0.06839721 0.40999663
0.06665223 0.41577447
0.06495214 0.42078552
0.06329470 0.42757558
0.06168025 0.43272886
0.06010595 0.44059802
0.05857284 0.44590825
0.05707786 0.45401708
0.05562072 0.46320522
0.05420262 0.46690365
0.05281888 0.47635258
0.05124988 0.48500676
0.05015847 0.48888760
0.04887937 0.49378446
0.04763261 0.49973571
0.04641765 0.50575868
0.04523368 0.51185425
0.04407916 0.52116231
0.04295435 0.52957211
0.04185848 0.53703507
0.04079034 0.54570101
0.03974968 0.55339126
0.03873557 0.56118988
0.03774712 0.57024560
0.03678431 0.57711838
0.03584545 0.58761326
0.03493114 0.59469536
0.03403958 0.60550988
0.03317096 0.61528078
0.03232450 0.62520934
0.03149965 0.63529811
0.03069567 0.64685099
0.02991238 0.65728899
0.02914908 0.66789542
0.02840541 0.67730769
0.02768072 0.68685260
0.02697422 0.69934299
0.02628574 0.71206052
0.02561484 0.72500932
0.02496106 0.73819360
0.02432396 0.75161763
0.02370313 0.76528577
0.02309814 0.77920247
0.02250860 0.79337225
0.02193410 0.80779970
0.02137427 0.82248951
0.02082872 0.83744646
0.02029687 0.85611652
0.01977860 0.87520282
0.01927367 0.89291468
0.01878152 0.91282135
0.01830195 0.93317182
0.01783451 0.95589902
0.01737892 0.98115357
0.01693487 1.00910541
0.01650235 1.03368196
0.01608033 1.07172848
0.01566981 1.09341751
0.01553437 1.12464438
0.01513724 1.16252203
0.01487767 1.20171641
0.01474883 1.24352609
0.01462085 1.29458785
0.01465053 1.35188124
0.01474337 1.41743161
0.01502335 1.47401339
0.01530064 1.50592562
0.01578891 1.57433978
0.01620070 1.60652934
0.01662314 1.64268174
0.01705669 1.67626866
0.01750184 1.70023950
0.01795851 1.72802950
0.01842720 1.75274053
0.01890824 1.77422843
0.01940182 1.79597976
0.01990852 1.81069039
0.02042823 1.83288874
0.02096161 1.85162670
0.02150905 1.86679313
0.02207078 1.88208379
0.02264705 1.90132468
0.02323851 1.91689818
0.02384541 1.93259925
0.02446816 1.94842891
0.02510731 1.96043638
0.02576302 1.97649405
0.02643570 1.99670012
0.02712625 2.00900507
0.02783468 2.02546056
0.02856194 2.03384291
0.02930803 2.04637675
0.03007378 2.05484566
0.03085919 2.07167664
0.03166548 2.08025025
0.03249246 2.09728931
0.03334141 2.10596892
0.03421235 2.11894725
0.03510625 2.12771649
0.03602350 2.13652202
0.03696450 2.14968864
0.03793052 2.15424257
0.03892111 2.17188769
0.03993803 2.18087602
0.04098176 2.18549602
0.04205228 2.19896445
0.04315102 2.20806484
0.04427871 2.21274243
0.04543561 2.22189985
0.04662248 2.23559262
0.04784117 2.23582154
0.04909087 2.24960011
0.05037293 2.26802628
0.05168965 2.26825853
0.05304019 2.27764570
0.05442570 2.29168201
0.05584836 2.29191668
0.05730755 2.30140175
0.05880487 2.31092608
0.06034131 2.32048983
0.06191860 2.32072745
0.06353604 2.33502926
0.06519572 2.34941920
0.06689990 2.34965978
0.06864785 2.35938383
0.07044146 2.36914811
0.07228194 2.37895281
0.07417135 2.37919642
0.07610885 2.39385855
0.07809741 2.40376551
0.08013838 2.40885768
0.08223315 2.40910435
0.08438172 2.41907440
0.08658643 2.42908572
0.08884874 2.43913847
0.09117119 2.43938824
0.09355383 2.44455587
0.09599764 2.45962079
0.09850584 2.46979991
0.10108073 2.47005282
0.10372233 2.47528541
0.10643237 2.48552935
0.10921321 2.49581569
0.11206735 2.50110286
0.11499673 2.50135898
0.11800134 2.51171083
0.12108514 2.51703167
0.12424812 2.53254323
0.12749589 2.53280257
0.13082857 2.53306193
0.13424759 2.53842800
0.13775518 2.54893326
0.14135362 2.56464142
0.14504770 2.57007439
0.14883578 2.59112553
0.15272540 2.59661461
0.15671488 2.61261661
0.16115336 2.63669220
0.16500921 2.64491706
0.16932246 2.64518790
0.17374351 2.67223015
0.17675718 2.67779964
0.15941775 2.70924097
0.15535593 2.71442432
0.15139673 2.72509980
0.14753760 2.74133215
0.14377683 2.75766119
0.14011352 2.76293718
0.13654200 2.77939491
0.12967270 2.79004022
0.13306227 2.79032592
0.12636731 2.80665939
0.12314688 2.81769763
0.11695214 2.82279942
0.12000920 2.82308847
0.11397230 2.82820002
0.11106775 2.83932298
0.10823723 2.85048967
0.10279250 2.85565084
0.10547944 2.85594326
0.10017286 2.86688175
0.09761999 2.87815683
0.09270882 2.88918041
0.09513218 2.88947626
0.09034616 2.90054319
0.08804372 2.91195065
0.08148437 2.92280436
0.08361432 2.92310366
0.08579996 2.92340299
0.07940731 2.94021436
0.07738408 2.94583961
0.07349096 2.95712241
0.07541197 2.95742522
0.07161847 2.96278001
0.06979330 2.97443224
0.06801464 2.98613031
0.06459325 2.99153707
0.06628169 2.99184340
0.06294676 3.00935648
0.06134258 3.02119190
0.05825682 3.02666214
0.05977962 3.02697207
0.05677184 3.04469078
0.05532503 3.05666516
0.05254198 3.06219963
0.05391540 3.06251320
0.05120296 3.07424287
0.04989836 3.08012455
0.04738775 3.09815439
0.04862644 3.09847164
0.04617982 3.11660888
0.04500294 3.12886611
0.04385631 3.13485228
0.04273889 3.14084991
0.04164970 3.15320248
0.04006774 3.17182247
0.03854544 3.20342846
0.03660646 3.20922866
0.03756333 3.20955729
0.03567335 3.22834478
0.03387847 3.24724224
0.03476403 3.24757476
0.03301490 3.26658479
0.03217334 3.28604256
0.03135323 3.30561622
0.02977571 3.32496600
0.03055403 3.32530648
0.02901672 3.34477152
0.02827708 3.36469501
0.02755660 3.37113238
0.02685403 3.39804892
0.02616981 3.40455010
0.02550274 3.42482967
0.02485267 3.44523004
0.02421930 3.45877969
0.02360195 3.47938229
0.02300069 3.48077797
0.01987141 3.50512873
0.02184305 3.52236873
0.02241392 3.52805394
0.02128581 3.57020958
0.02074311 3.59871564
0.02021437 3.62015178
0.01969899 3.64905660
0.01919675 3.67819220
0.01870710 3.72252296
0.01823004 3.75980895
0.01776505 3.80512337
0.01727419 3.89384043
0.01689803 4.01048195
0.01730778 4.19086578
0.01775949 4.25079566
0.01822309 4.30290872
0.01869880 4.35566067
0.01918714 4.39133731
0.01968823 4.42730618
0.02020253 4.45459007
0.02073014 4.49107704
0.02127153 4.52786286
0.02182731 4.54660138
0.02239722 4.59308213
0.02298254 4.60281218
0.02358276 4.64051321
0.02483161 4.65081994
0.02419892 4.65971793
0.02547982 4.70783714
0.02614570 4.71781028
0.02682868 4.74688445
0.02752950 4.77613778
0.02824910 4.77662686
0.02898703 4.80606349
0.02974422 4.83568153
0.03052172 4.83617671
0.03131883 4.87578920
0.03297736 4.88661848
0.03213712 4.89596761
0.03383917 4.89697036
0.03472292 4.93708080
0.03563015 4.95751286
0.03656151 4.95802052
0.03751699 4.96852365
0.02019621 4.97633068
0.03849723 4.98908584
0.03950285 5.01983178
0.04053543 5.02034581
0.04159477 5.03098098
0.04268131 5.06198511
0.04379647 5.08293408
0.04494103 5.09370184
0.04611524 5.11478208
0.04731986 5.14630264
0.04855678 5.14682962
0.04982518 5.17854768
0.05112671 5.21046120
0.05246313 5.21099476
0.05383418 5.22203380
0.05917568 5.24507713
0.05524044 5.25421531
0.05816510 5.28713650
0.05678056 5.30155680
0.05571160 5.45933276
0.05429026 5.53626798
0.05290609 5.58047188
0.05024443 5.60184553
0.05155780 5.60241917
0.04896397 5.62387688
0.04771614 5.64599488
0.04650011 5.66819986
0.04531533 5.67904431
0.04416023 5.71287215
0.04303482 5.73534015
0.04193833 5.74631306
0.04086931 5.78054160
0.03881322 5.80268154
0.03982777 5.80327573
0.03782386 5.83724583
0.03592077 5.87141478
0.03685972 5.87201602
0.03500534 5.89450631
0.03411305 5.92961757
0.03324388 5.94096217
0.03239667 5.96432722
0.03157105 5.98778417
0.03076647 6.01133336
0.02998257 6.02283431
0.02921814 6.07092315
0.02847369 6.08253811
0.02774773 6.13110365
0.02704059 6.15521651
0.02635147 6.17942419
0.02567961 6.22876332
0.02502532 6.24068025
0.02438728 6.29050848
0.02376578 6.31524825
0.02315985 6.36567185
0.02256950 6.40358966
0.02199332 6.53318190
0.02143271 6.57209750
0.02088627 6.62457189
0.02074978 6.87584838
0.02124504 7.03760097
0.02179988 7.09524504
0.02236895 7.18222991
0.02295301 7.25565519
0.02355273 7.28568265
0.02416783 7.34535872
0.02479928 7.37575742
0.02544709 7.42121155
0.02611182 7.46694580
0.02679406 7.49784769
0.02749382 7.55926158
0.02821233 7.57527522
0.02894913 7.63732331
0.02970550 7.66893030
0.03127824 7.71698129
0.03048129 7.73174550
0.03265125 7.84364887
0.03350454 7.86026496
0.03437955 7.92464736
0.03527801 7.94143504
0.03627747 7.99044343
0.03698385 8.18651578
0.03746154 8.38718472
0.03650706 8.40323116
0.03557668 8.43628000
0.03466943 8.52078051
0.03378589 8.55429166
0.03292450 8.62259273
0.03208524 8.67395414
0.03126721 8.74321064
0.03046985 8.83078547
0.02969334 8.86551583
0.02893628 8.93630184
0.02819821 9.04400502
0.02701045 9.13396916
0.02553998 9.36473184
0.02435830 9.58233614
0.02456634 9.91639818
0.02942882 10.02393191
0.02520763 10.03796926
0.02586655 10.03899716
0.02654268 10.04002516
0.02723649 10.04105326
0.02794844 10.04208148
0.02867900 10.04310979
0.03019790 10.04516674
0.03098726 10.04619537
0.03179725 10.04722411
0.03262841 10.04825295
0.03348130 10.04928190

