0.42616657 0.81215431
0.37845914 0.81215431
0.37375894 0.81215431
0.38562050 0.81215431
0.44244735 0.81215431
0.40538693 0.81215431
0.41564691 0.81215431
0.42087387 0.81780658
0.37375894 0.81780658
0.46222936 0.81780658
0.47988785 0.83500052
0.38321845 0.83500052
0.45364530 0.83500052
0.47097585 0.83500052
0.36226224 0.83500052
0.36226224 0.83500052
0.40286175 0.84081179
0.47988785 0.84081179
0.49203339 0.84081179
0.39538021 0.84666351
0.37610170 0.85255595
0.36681786 0.85255595
0.35332002 0.85255595
0.38083136 0.85255595
0.43695246 0.85255595
0.39291736 0.85848941
0.49511750 0.85848941
0.42616657 0.85848941
0.44522066 0.86446415
0.46512666 0.86446415
0.45935011 0.86446415
0.41825223 0.86446415
0.39538021 0.86446415
0.39046986 0.86446415
0.45648880 0.86446415
0.52049662 0.87048048
0.50764848 0.87653868
0.48289584 0.87653868
0.35111917 0.88878186
0.39785849 0.88878186
0.40538693 0.88878186
0.42883782 0.88878186
0.40286175 0.88878186
0.36000569 0.88878186
0.36681786 0.88878186
0.43695246 0.89496743
0.39046986 0.89496743
0.50448631 0.89496743
0.48289584 0.89496743
0.47689860 0.89496743
0.45364530 0.89496743
0.52375914 0.89496743
0.42087387 0.89496743
0.42883782 0.90746801
0.54038108 0.91378363
0.40286175 0.92014320
0.41825223 0.92014320
0.51083047 0.93299543
0.43695246 0.93299543
0.46222936 0.93299543
0.48289584 0.93299543
0.99688061 1.54795751
0.97836754 1.56957883
0.96621689 1.56957883
1.00312915 1.58050248
0.99688061 1.60257837
1.00941686 1.60257837
0.98450004 1.61373168
0.97227324 1.62496261
0.90769007 5.39420827
0.87976983 5.54594941
0.93649639 5.58454702
0.84211836 5.62341325
0.87976983 5.66254998
0.90769007 5.66254998
0.93649639 5.66254998
0.97836754 5.70195908
0.97836754 5.70195908
0.85270840 5.78160201
0.91337956 5.86235736
0.96621689 5.86235736
0.90769007 5.86235736
0.88528431 5.86235736
0.84211836 5.90315705
0.93649639 5.98561024
0.92486575 5.98561024
0.86884370 6.02726771
0.90203602 6.06921511
0.87976983 6.11145444
0.89083336 6.23994444
0.91337956 6.28337198

