0.00176419 0.02596469
0.00189182 0.02657359
0.00198627 0.02827130
0.00217557 0.02740664
0.00236575 0.02826714
0.00262732 0.02848445
0.00275914 0.02848328
0.00304286 0.02870241
0.00335586 0.02870005
0.00372658 0.02960063
0.00385942 0.02914472
0.00431649 0.02891710
0.00476049 0.02891472
0.00528701 0.02891217
0.00570978 0.02891030
0.00612338 0.02890860
0.00665983 0.02846217
0.00734488 0.02845983
0.00793197 0.02867929
0.00862662 0.02845598
0.00958073 0.02845347
0.01042099 0.02737056
0.01133362 0.02715744
0.01232652 0.02673806
0.01388472 0.02571968
0.01478673 0.02571831
0.01654081 0.02435860
0.01773952 0.02416922
0.01970559 0.02289154
0.02158426 0.02202018
0.02381075 0.02053561
0.02554156 0.01930050
0.02740141 0.01758623
0.02898582 0.01640116
0.03023685 0.01517810
0.03110286 0.01415565
0.03244527 0.01310004
0.03267969 0.01240854
0.03361666 0.01148335
0.03386154 0.01070998
0.03386652 0.01030309
0.03483547 0.00968376
0.03484264 0.00917265
0.03510368 0.00810336
0.03513156 0.00657404
0.03534276 0.00855484
0.03560649 0.00761634
0.03561382 0.00721435

