0.0231133 0.0125178
0.0205464 0.0135290
0.0182648 0.0147491
0.0161010 0.0163597
0.0143136 0.0181464
0.0129406 0.0201290
0.0116997 0.0227180
0.0109397 0.0252016
0.0102294 0.0284450
0.0097283 0.0332379
0.0096492 0.0381749
0.0098152 0.0430946
0.0105898 0.0478187
0.0121192 0.0530665
0.0136376 0.0583809
0.0154752 0.0625819
0.0175605 0.0670853
0.0202655 0.0725402
0.0218658 0.0826098
0.0196027 0.0916337
0.0172799 0.0998956
0.0152320 0.1079638
0.0134271 0.1176980
0.0127685 0.1328494
0.0142482 0.1487035
0.0161697 0.1679021
0.0156385 0.1945085
0.0148724 0.2272829
0.0151306 0.2797734
0.0148832 0.3384540
0.0148874 0.3955206
0.0148935 0.4953519
0.0150245 0.5941120
0.0151570 0.7250061
0.0146588 0.8326543
0.0156838 0.9482239
0.0156880 1.0985527
0.0151728 1.2836978
0.0149259 1.6216352
0.0149318 2.0134389
0.0149384 2.5656769
0.0148211 3.4436189
0.0149554 4.7849741
0.0149621 6.0973778
0.0149687 7.7697425
0.0149758 10.0736990
0.0149853 14.2418179
0.0149929 18.7873961
0.0149990 23.5294236
0.0150090 33.8459391
0.0150176 46.2216431
0.0150247 59.9277155
0.0150314 76.3644524
0.0150364 91.5880645
