0.63149320  0.14049389
0.61794903  0.14086010
0.59817551  0.14266134
0.57903471  0.14376075
0.56050639  0.14523340
0.54257095  0.14672113
0.52520943  0.14859732
0.50840344  0.15011951
0.49213523  0.15203915
0.47638757  0.15359660
0.46114382  0.15595239
0.44638785  0.15754993
0.43210405  0.15996635
0.41827731  0.16201191
0.40489301  0.16408362
0.39193699  0.16660026
0.37939554  0.16873065
0.36725540  0.17088828
0.35550373  0.17350928
0.34412810  0.17617048
0.33311647  0.17887249
0.32245720  0.18161595
0.31213901  0.18393835
0.30215099  0.18675951
0.29248257  0.18962393
0.28312353  0.19253229
0.27406396  0.19548526
0.26529429  0.19848351
0.25680523  0.20152776
0.24858782  0.20513390
0.24063335  0.20828014
0.23293341  0.21147464
0.22547986  0.21471813
0.21826481  0.21801137
0.21128064  0.22191247
0.20451995  0.22531605
0.19797559  0.22934786
0.19164064  0.23286549
0.18550840  0.23643706
0.17572095  0.24312245
0.17009812  0.24685135
0.16465521  0.25126851
0.15938647  0.25512234
0.15428632  0.25968750
0.14934937  0.26433436
0.14457039  0.26838859
0.13994434  0.27250500
0.13546631  0.27807962
0.13113157  0.28234467
0.12693554  0.28739695
0.12287378  0.29253963
0.11894199  0.29702646
0.11513600  0.30310272
0.11145181  0.30775156
0.10788550  0.31325847
0.10443332  0.31966678
0.10109159  0.32456968
0.09785680  0.33037753
0.09472552  0.33713605
0.09169443  0.34230688
0.08876033  0.34930943
0.08592012  0.35555998
0.08317080  0.36192237
0.08050944  0.36932620
0.07793325  0.37499075
0.07543950  0.38266192
0.07302553  0.38950928
0.07068882  0.39747745
0.06842687  0.40458992
0.06623731  0.41182965
0.06411780  0.42025443
0.06206612  0.42993136
0.06008009  0.43652544
0.05815761  0.44657702
0.05629664  0.45456808
0.05449523  0.46386716
0.05275146  0.47335647
0.05106348  0.48182671
0.04942952  0.49292143
0.04784784  0.50427161
0.04631678  0.51200588
0.04483470  0.52379550
0.04340005  0.53585660
0.04201131  0.54819543
0.04066701  0.56081837
0.03936572  0.57373197
0.03810607  0.58694292
0.03688673  0.59744569
0.03570640  0.61428443
0.03456385  0.62685082
0.03345785  0.64289959
0.03238725  0.65770322
0.03135090  0.67284773
0.03034771  0.68834096
0.02937663  0.70774155
0.02843662  0.72586130
0.02752668  0.74819853
0.02664587  0.76542682
0.02579323  0.78700004
0.02496789  0.81121872
0.02416895  0.83618270
0.02339558  0.86191490
0.02264695  0.88843897
0.02192228  0.91808510
0.02122079  0.94872049
0.02054176  0.98284663
0.01988445  1.02076402
0.01924817  1.06548960
0.01863226  1.10104370
0.01813408  1.14781724
0.01764922  1.20563909
0.01708447  1.26163379
0.01662767  1.31522938
0.01627104  1.37625299
0.01592206  1.44010796
0.01558057  1.50692566
0.01516398  1.60286541
0.01491940  1.68142056
0.01475854  1.75935676
0.01457306  1.87361168
0.01459941  2.00775151
0.01475854  2.12453394
0.01516398  2.23949638
0.01566525  2.34288547
0.01618309  2.42042206
0.01671804  2.48798000
0.01727068  2.54459346
0.01784159  2.58943890
0.01843137  2.64170952
0.01904064  2.68151476
0.01967005  2.72191980
0.02032028  2.76293365
0.02099199  2.79752166
0.02168591  2.83254266
0.02240277  2.86800207
0.02314332  2.90390539
0.02390836  2.93287351
0.02469868  2.96213062
0.02551513  2.99167958
0.02635857  3.02913116
0.02722989  3.05166474
0.02813001  3.08210685
0.02905989  3.11285264
0.03002050  3.14390514
0.03101287  3.17526741
0.03203805  3.21501725
0.03309711  3.23893363
0.03419118  3.27948048
0.03532142  3.32889565
0.03648901  3.40464397
0.03728878  3.49982801
0.03609559  3.61661304
0.03494058  3.68132876
0.03382253  3.73779117
0.03274025  3.78558789
0.03169261  3.84364937
0.03067849  3.90260138
0.02969682  3.95250560
0.02874656  4.02323178
0.02782671  4.10553486
0.02693629  4.21064565
0.02607437  4.36210550
0.02537721  4.59338528
0.02469868  4.82477931
0.02390836  5.04886135
0.02314332  5.20423208
0.02240277  5.32406655
0.02168591  5.44666038
0.02099199  5.57207709
0.02032028  5.70038170
0.01967005  5.80238440
0.01904064  5.98094361
0.01856505  6.25853793
0.01904064  6.59724759
0.01967005  6.71351626
0.02032028  6.79755996
0.02099199  6.89998551
0.02168591  6.98636353
0.02240277  7.05605653
0.02314332  7.10854624
0.02390836  7.17945809
0.02469868  7.23286578
0.02551513  7.30501778
0.02635857  7.37788954
0.02722989  7.45148824
0.02813001  7.52582113
0.02905989  7.67773793
0.02953629  7.99242448
0.02937663  8.36269952
0.02937663  8.79405333
0.02843662  9.15631714
0.02752668  9.32016040
0.02664587  9.46310844
0.02579323  9.77888092
0.02496789  9.87905327

