0.01413731  0.10068743
0.01312544  0.10225326
0.01241659  0.10691353
0.01154243  0.11046993
0.01067525  0.11506943
0.01004913  0.11992769
0.00948519  0.12258956
0.00871785  0.12786927
0.00813307  0.13235043
0.00747268  0.13769806
0.00693533  0.14217853
0.00648904  0.14745750
0.00600724  0.15422012
0.00557486  0.15911312
0.00515573  0.16664761
0.00475232  0.17287052
0.00440928  0.18073093
0.00406695  0.18594590
0.00377450  0.19661324
0.00348042  0.20284136
0.00323131  0.21014489
0.00300900  0.21908910
0.00280430  0.22629882
0.00261595  0.23468638
0.00242390  0.24460579
0.00226792  0.25265918
0.00210560  0.26524398
0.00194986  0.27389234
0.00180714  0.28124176
0.00172259  0.29194842
0.00162576  0.30313261
0.00151560  0.31387781
0.00141221  0.32099458
0.00135388  0.33660343
0.00126881  0.34398693
0.00117585  0.35900628
0.00108512  0.37509405
0.00100557  0.38315351
0.00094794  0.40076016
0.00087368  0.41800442
0.00082233  0.43139711
0.00078242  0.44623695
0.00072757  0.46863113
0.00067297  0.48327497
0.00063324  0.50809591
0.00059401  0.52191100
0.00054935  0.54426050
0.00051465  0.56836890
0.00047678  0.59412192
0.00044489  0.61753589
0.00042239  0.64255899
0.00039171  0.66131468
0.00036544  0.71295353
0.00033313  0.74026592
0.00031079  0.79060432
0.00028468  0.82065552
0.00026732  0.86808559
0.00024906  0.91796654
0.00023251  0.96374633
0.00021696  1.01697765
0.00020732  1.08033783
0.00019641  1.11799185
0.00018708  1.18848041
0.00017450  1.26778626
0.00016592  1.36311871
0.00016062  1.45446122
0.00015650  1.56378509
0.00015415  1.68108009
0.00015840  1.82869425
0.00016484  1.96788748
0.00017346  2.08500270
0.00018587  2.19937843
0.00020027  2.29561355
0.00021649  2.40925107
0.00023402  2.49541413
0.00025297  2.57333085
0.00027346  2.64623116
0.00029560  2.70784282
0.00031954  2.77966574
0.00034542  2.84438413
0.00037339  2.90396904
0.00040363  2.96897227
0.00043632  3.02478313
0.00047384  3.10711750
0.00050984  3.17172854
0.00055392  3.24690605
0.00059191  3.39294817
0.00058176  3.61686571
0.00054403  3.72161631
0.00050363  3.82323828
0.00046773  3.90633406
0.00043013  3.99846848
0.00039953  4.08840223
0.00036892  4.16734760
0.00034170  4.26173579
0.00031454  4.36026775
0.00029085  4.47577923
0.00026918  4.60110165
0.00025061  4.72444564
0.00023036  4.92965066
0.00021509  5.11532997
0.00020614  5.53839746
0.00022266  5.92257030
0.00023995  6.21167728
0.00025962  6.43302073
0.00028065  6.63971537
0.00030338  6.83501436
0.00032901  7.01753937
0.00034490  7.40265918
0.00035297  7.68624610
0.00032865  8.05390099
0.00030239  8.36725643
0.00028148  8.62069784
0.00026035  8.83589580
0.00024649  9.24656274
0.00024331  9.81919518

