0.97169516  0.05737688
0.92486662  0.05896152
0.87164377  0.06086591
0.82149360  0.06254842
0.77422883  0.06427743
0.71539476  0.06726275
0.67423440  0.06912209
0.63544221  0.07103282
0.59887473  0.07332710
0.56441157  0.07569548
0.53193806  0.07778792
0.50133292  0.07993821
0.46783963  0.08289600
0.44529321  0.08518543
0.41967319  0.08754020
0.39551770  0.09077708
0.37275254  0.09413365
0.35130616  0.09673578
0.33109370  0.09940983
0.30593371  0.10402685
0.28833177  0.10690245
0.27174255  0.10985754
0.25610471  0.11340581
0.24136678  0.11706869
0.22747970  0.12030481
0.21439162  0.12363038
0.20006844  0.12820482
0.18855747  0.13174877
0.17946607  0.13661702
0.16914046  0.14039350
0.15940701  0.14492805
0.15023370  0.14960907
0.14158998  0.15374469
0.13344357  0.15799464
0.12330312  0.16533258
0.11620746  0.17067264
0.10952012  0.17618517
0.10119763  0.18436796
0.09537521  0.18946442
0.08988778  0.19470176
0.08471403  0.20190105
0.07827656  0.21127819
0.07377291  0.21711853
0.06952670  0.22514670
0.06488172  0.23347734
0.06175490  0.23992554
0.05820042  0.24879702
0.05485119  0.25683289
0.05169470  0.26512830
0.04871926  0.27493168
0.04591508  0.28509755
0.04327283  0.29430588
0.04078263  0.30381163
0.03843434  0.31790661
0.03622302  0.32669447
0.03413810  0.33877431
0.03217241  0.35449136
0.03032063  0.36759902
0.02857475  0.38465335
0.02693005  0.39887628
0.02538001  0.41362512
0.02391862  0.43281478
0.02254137  0.45289473
0.02124343  0.47390625
0.02002022  0.49589259
0.01886721  0.52124996
0.01777997  0.55538504
0.01692138  0.59308027
0.01610482  0.62480292
0.01532666  0.67479282
0.01472998  0.74206228
0.01448438  0.85372551
0.01457538  0.96018639
0.01486256  1.04153282
0.01530508  1.14516914
0.01591643  1.27627885
0.01639032  1.40327325
0.01622505  1.55355140
0.01544079  1.68926541
0.01455118  1.79177218
0.01371331  1.87489938
0.01292338  1.97970110
0.01205955  2.08098286
0.01147823  2.14814452
0.01081731  2.24780520
0.01019469  2.33091999
0.00960721  2.48356487
0.00914289  2.69442531
0.00887437  2.92304748
0.00887181  3.25801929
0.00913596  3.58220409
0.00940831  3.88559272
0.00940661  4.15820494
0.00963961  4.50057597
0.00951949  4.98009285
0.00968178  5.52788095
0.01006852  6.16076463
0.01047108  6.77362002
0.01089032  7.29747238
0.01132655  7.80870880
0.01189682  8.41240931
0.01261990  9.00132082
0.01338693  9.63145913
0.01420092  10.21295573
0.01506549  10.53977568
0.01598290  10.82799496
0.01695596  11.17449648
0.01798826  11.53208624
0.01908364  11.84744112
0.02024353  12.67682234
0.02084726  13.68844499
0.01984162  14.32315957
0.01869868  15.12378479
0.01779583  16.11380737
0.01693698  17.01411504
0.01651934  19.09405462
0.01743621  20.85085271
0.01831266  23.13268553
0.01942592  24.64045133
0.02060835  25.54417127
0.02186328  26.24269874
0.02319407  27.20518314
0.02460586  28.20296789
0.02610359  29.23734767
0.02769148  30.72351168
0.02823470  34.39782266
0.02850686  38.07969065
0.02994285  40.65445072
0.03176428  42.72095765
0.03369570  45.30022332
0.03574714  46.74985425
0.03792485  47.59600010
0.04023426  48.89755391
0.04268429  50.23469982
0.04528351  51.60841115
0.04804102  53.01968781
0.05198189  54.46693297
0.05514596  56.46457713
0.05850262  58.53548743
0.06206360  60.68235100
0.06715477  62.33875908
0.07124668  63.18079811
0.07558792  64.03421095
0.08178851  65.78211264
0.08677209  66.67066267
0.09205600  68.49382963
0.08847429  74.64399431
0.09385282  79.50921680
0.09956552  82.42531861
0.09759701  90.22904791
0.10151502  93.54281962
0.09566973  97.88263075
0.09016970  98.78588225
0.08498791  98.80016066
0.08010391  98.81444112
0.07550057  98.82872366

