0.92337078 0.19931156
0.85463949 0.21134665
0.77587453 0.21796695
0.70436867 0.22963476
0.63945291 0.24145908
0.58051988 0.25438443
0.52701823 0.26644914
0.47844737 0.28125637
0.43435288 0.29688648
0.39432221 0.31096693
0.35798084 0.32888444
0.32498874 0.34648968
0.29503725 0.36574497
0.26784614 0.38532336
0.24316100 0.40752519
0.22075089 0.43184176
0.20040613 0.45760927
0.18193637 0.48397611
0.16516882 0.51384859
0.14994659 0.54556489
0.13612727 0.58036166
0.12358156 0.61857461
0.11219208 0.66314523
0.10185228 0.70817907
0.09246541 0.76067775
0.08233595 0.83302231
0.07578597 0.88189654
0.07083049 0.94359627
0.06785887 1.01662961
0.06280778 1.07906143
0.05813267 1.17377017
0.05485616 1.28219660
0.05209906 1.36318686
0.04850162 1.45472080
0.04720726 1.59933280
0.04521083 1.71946183
0.04391825 1.87898276
0.04293851 2.04011017
0.04184555 2.26931974
0.04225211 2.38192715
0.04238851 2.67543493
0.04321619 3.12386236
0.04434495 3.34307106
0.04492034 3.73090468
0.04609361 3.97984446
0.04654145 4.30045935
0.04654145 4.64683680
0.04669169 5.23630714
0.04550319 5.91937771
0.04349565 6.60552814
0.04104412 7.32364458
0.03873077 7.98984038
0.03654780 8.71663673
0.03448787 9.60207540
0.03254404 10.86290325
0.03151188 12.26993583
0.03171566 13.87119305
0.03223089 15.73233876
0.03233494 17.61397735
0.03317949 20.48362562
0.03382736 23.40142762
0.03482294 25.78185104
0.03654780 28.77433416
0.03910707 32.21889156
0.04266262 35.84468021
0.04699363 39.19001426
0.05176432 42.35256784
0.05674432 44.58888537
0.06160488 48.23277073
0.06785887 51.02638815
0.07331617 54.40005677
0.07547397 58.50025928
0.07547397 64.13695636
0.07331617 69.80497650
0.07474774 78.85254223
0.07547397 85.75668721
0.07547397 94.47593795

