0.02313682  0.00006690
0.07544389  0.00015612
0.11222094  0.00022531
0.17858154  0.00020407
0.21734875  0.00013673
0.26988079  0.00013771
0.30548728  0.00012882
0.36583596  0.00013278
0.41566665  0.00013056
0.47391685  0.00012582
0.53056863  0.00012166
0.58945797  0.00011715
0.65487774  0.00011041
0.70948343  0.00010600
0.77211152  0.00009928
0.82728438  0.00009361
0.88019932  0.00009267
0.94060558  0.00008420
1.00865981  0.00007943
1.05646881  0.00007438
1.11805682  0.00006917
1.18271640  0.00006737
1.23730521  0.00006711
1.28723468  0.00006711
1.33031467  0.00006098
1.38501972  0.00005946
1.44381654  0.00005553
1.50646894  0.00004932
1.57279061  0.00004959
1.62338648  0.00004668
1.69264916  0.00004301
1.74687571  0.00004189
1.80765957  0.00003765
1.86302747  0.00003691
1.92307322  0.00003670
1.99154043  0.00003295
2.06112765  0.00003060
2.10051432  0.00002808
2.15209064  0.00002763
2.19981829  0.00002566
2.26295108  0.00002362
2.30869272  0.00002188
2.36702526  0.00002097
2.42732791  0.00002007
2.48563845  0.00001832
2.54068057  0.00001850
2.57932591  0.00001683
2.63775875  0.00001484
2.68857530  0.00001428
2.73866966  0.00001306
2.80379383  0.00001191
2.86812655  0.00001050
2.91268622  0.00000976
2.97313599  0.00001018
3.01480539  0.00000925
3.04535694  0.00000930

