0.02826661  0.03064378
0.06843212  0.11486019
0.12030425  0.14844319
0.17080188  0.18043359
0.22129004  0.22390975
0.27744299  0.24651007
0.32659752  0.26308749
0.37576335  0.27391567
0.42492081  0.29046624
0.47408748  0.30186734
0.52326336  0.30745265
0.57245181  0.30464720
0.62163732  0.30381056
0.67082619  0.30076251
0.72002343  0.29233607
0.76921271  0.28913797
0.81841037  0.28077972
0.86761682  0.26746448
0.91682411  0.25431400
0.96603894  0.23785294
1.01525084  0.22388939
1.06446273  0.21074560
1.11367379  0.19873745
1.16288904  0.18570340
1.21211392  0.16990398
1.26134131  0.15459613
1.31057456  0.13887376
1.35981075  0.12395243
1.40904651  0.11073578
1.45828605  0.09811558
1.50753563  0.08504199
1.55678982  0.07297089
1.61728356  0.06001653
1.66935193  0.05047866
1.72001334  0.04287123
1.76928587  0.03533821
1.81994812  0.02995756
1.86923560  0.02389855
1.91990664  0.01987345
1.97480092  0.01596923
2.01986273  0.01325409
2.06352613  0.01090219
2.12262346  0.00884758
2.16206178  0.00756188
2.22535575  0.00628537
2.27460671  0.00543142
2.32385714  0.00469908
2.37309960  0.00413691
2.42233495  0.00369919
2.47155036  0.00345533
2.52076858  0.00320777
2.57138514  0.00300537
2.61919200  0.00284454
2.67131464  0.00262073
2.72472322  0.00252638
2.77392256  0.00244437
2.83715426  0.00232845
2.88635401  0.00225080
2.93555041  0.00219175
2.98475100  0.00211478
3.02276707  0.00206876

