0.01900560  0.03454097
0.06782704  0.07642912
0.11725905  0.04443565
0.16666533  0.02733105
0.21595315  0.02178741
0.26519746  0.01910374
0.31442150  0.01751049
0.36361748  0.01706677
0.41704361  0.01583238
0.46907685  0.01438085
0.51830596  0.01303610
0.57174800  0.01167924
0.62236493  0.01093329
0.65895419  0.01028956
0.70817237  0.00955323
0.75739138  0.00885334
0.80661543  0.00811498
0.85583653  0.00748607
0.90505136  0.00700152
0.95426954  0.00650048
1.00349526  0.00593654
1.05271930  0.00544143
1.10193454  0.00508456
1.15115189  0.00472936
1.20036504  0.00443949
1.24958196  0.00413315
1.29880307  0.00381283
1.34803423  0.00344080
1.39726204  0.00312793
1.44648776  0.00285657
1.49571054  0.00262554
1.54493835  0.00238680
1.59417663  0.00212061
1.64341365  0.00188929
1.69265067  0.00168321
1.74189146  0.00148728
1.79113100  0.00131778
1.84036635  0.00117835
1.88961845  0.00101574
1.93886971  0.00087717
1.98810422  0.00078580
2.03736888  0.00065898
2.08662558  0.00056234
2.13586805  0.00049507
2.18509879  0.00044717
2.23437476  0.00036584
2.28363858  0.00030736
2.33290282  0.00025800
2.38215408  0.00022280
2.43141414  0.00018874
2.47841777  0.00016732
2.52120858  0.00014664
2.57919095  0.00011558
2.62843384  0.00010166
2.67771022  0.00008309
2.72698033  0.00006886
2.77624206  0.00005812
2.82549374  0.00005014
2.87475840  0.00004205
2.92406242  0.00003235
2.97330363  0.00002856
3.01133548  0.00002699

