0.02251718 1.05459728
0.07172888 2.54046606
0.12094057 1.58457812
0.17015227 1.03844353
0.21936397 0.81519589
0.26857566 0.69108235
0.31778736 0.62177627
0.36699906 0.56250111
0.41621075 0.52113140
0.46542245 0.46929839
0.51463415 0.42807087
0.56384584 0.39010795
0.61305754 0.35878045
0.66226924 0.33027084
0.71148093 0.30570081
0.76069263 0.27808064
0.80990433 0.25180102
0.85911602 0.22926044
0.90832772 0.20702529
0.95753942 0.18728916
1.00675111 0.17005595
1.05596281 0.15008904
1.10517450 0.13454370
1.15438620 0.11863779
1.20359790 0.10722963
1.25280959 0.09585985
1.30202129 0.08414126
1.35123299 0.07385523
1.40044468 0.06453065
1.44965638 0.05758284
1.49886808 0.05082182
1.54807977 0.04400076
1.59729147 0.03785191
1.64650317 0.03298224
1.69571486 0.02913632
1.74492656 0.02597552
1.79413826 0.02320004
1.84334995 0.02001284
1.89256165 0.01753420
1.94177335 0.01553221
1.99098504 0.01305941
2.04019674 0.01117291
2.08940844 0.00951528
2.13862013 0.00800040
2.18783183 0.00717834
2.23704353 0.00599148
2.28625522 0.00515309
2.33546692 0.00435807
2.38467861 0.00381432
2.43389031 0.00325140
2.48310201 0.00278171
2.53231370 0.00241720
2.58152540 0.00212170
2.63073710 0.00180858
2.67994879 0.00156298
2.72916049 0.00127855
2.77837219 0.00105647
2.82758388 0.00095575
2.87679558 0.00082295
2.92600728 0.00069701
2.97521897 0.00057384
3.02443067 0.00061717

