0.02979078  0.01856496
0.07155487  0.07026232
0.12204658  0.08896197
0.16766538  0.10788209
0.21605006  0.13079562
0.26337270  0.14760280
0.31253330  0.15821680
0.35749117  0.16247458
0.40665890  0.17146849
0.45582998  0.17963978
0.50501030  0.18444788
0.55420237  0.18459172
0.60339654  0.18389199
0.65259239  0.18252528
0.70179369  0.17902536
0.75099457  0.17575337
0.80019923  0.17112539
0.84940893  0.16479883
0.89862199  0.15754805
0.94784385  0.14774831
0.99706362  0.13919383
1.04628255  0.13137497
1.09550232  0.12376848
1.14472377  0.11617619
1.19395194  0.10746394
1.24318682  0.09795957
1.29242505  0.08864418
1.34166455  0.07999463
1.39090782  0.07159672
1.44015529  0.06349645
1.48940486  0.05605545
1.53865904  0.04899059
1.58791952  0.04223220
1.63718504  0.03600838
1.68645349  0.03050565
1.73676486  0.02523636
1.78499922  0.02147753
1.81885398  0.01859693
1.86254806  0.01554592
1.91108862  0.01290694
1.96037665  0.01047744
2.00966106  0.00857282
2.07405677  0.00673759
2.11344208  0.00570149
2.16271938  0.00473789
2.21125518  0.00397475
2.26435168  0.00340518
2.31360545  0.00297874
2.36285837  0.00261048
2.41209451  0.00237308
2.46132561  0.00218109
2.51055462  0.00201384
2.55977649  0.00188858
2.60899038  0.00180218
2.65820973  0.00169939
2.70742236  0.00162611
2.75662996  0.00157318
2.80584092  0.00151086
2.85505355  0.00144571
2.90425780  0.00140893
2.95346497  0.00136431
3.00267215  0.00132111
3.03621724  0.00130737

