0.02182900  0.00020510
0.06620666  0.00076110
0.11939457  0.00167806
0.17305979  0.00164292
0.22231512  0.00140621
0.28276971  0.00145114
0.33492485  0.00148320
0.39284668  0.00145778
0.44165821  0.00142456
0.49723019  0.00137516
0.54811076  0.00131748
0.61647795  0.00126039
0.67399632  0.00117958
0.73448041  0.00114114
0.78468593  0.00107415
0.83549864  0.00104214
0.89750751  0.00097221
0.96411213  0.00090646
1.00959871  0.00085181
1.06700031  0.00081539
1.11364577  0.00078693
1.15795736  0.00074591
1.21078350  0.00071043
1.26458620  0.00064989
1.31815054  0.00062856
1.36374753  0.00058558
1.41816827  0.00056054
1.46663418  0.00052852
1.52711805  0.00051154
1.56930363  0.00048151
1.62543199  0.00045663
1.66773137  0.00042297
1.72397419  0.00039414
1.78052828  0.00037386
1.84937597  0.00034296
1.89640641  0.00031966
1.95723354  0.00030764
2.01987622  0.00027907
2.06088920  0.00026357
2.12203377  0.00024315
2.16007356  0.00022582
2.21673148  0.00021544
2.25954309  0.00020852
2.31142842  0.00019120
2.35542041  0.00018132
2.42178412  0.00016631
2.47238920  0.00015342
2.53287966  0.00014637
2.57081958  0.00013399
2.62387586  0.00012290
2.67309466  0.00011395
2.71485594  0.00010690
2.76405555  0.00010336
2.81550079  0.00009779
2.87379552  0.00008549
2.91982021  0.00007932
2.98030409  0.00007677
3.01535957  0.00007184

