0.02302410  0.02109752
0.07186430  0.04548918
0.12129660  0.02695678
0.17070985  0.01665234
0.22000726  0.01324397
0.26926816  0.01140648
0.31849633  0.01055109
0.36769973  0.01030151
0.41692621  0.00956394
0.46615983  0.00874206
0.51540059  0.00786740
0.56463966  0.00710624
0.61385901  0.00670092
0.66308676  0.00620409
0.71231198  0.00577573
0.76153553  0.00539667
0.81076957  0.00492839
0.86000067  0.00452968
0.90922254  0.00424793
0.95845490  0.00389356
1.00768558  0.00358184
1.05691836  0.00328004
1.10613813  0.00309013
1.15536210  0.00288468
1.20458355  0.00270773
1.25380919  0.00251847
1.30303820  0.00232534
1.35227853  0.00209460
1.40151593  0.00189889
1.45074493  0.00175328
1.49997394  0.00161883
1.54921007  0.00147161
1.59845586  0.00130990
1.64769662  0.00117885
1.69693905  0.00105702
1.74619114  0.00092804
1.79543651  0.00082682
1.84468314  0.00073462
1.89394236  0.00063502
1.94319823  0.00055296
1.99244737  0.00048860
2.04171121  0.00041813
2.09097799  0.00035553
2.14023259  0.00031044
2.18948384  0.00027305
2.23874138  0.00023690
2.28802704  0.00019330
2.33729844  0.00016272
2.38656521  0.00013836
2.43582275  0.00012004
2.48327920  0.00010697
2.53436251  0.00008562
2.58362644  0.00007325
2.63288692  0.00006315
2.68216209  0.00005272
2.73143852  0.00004389
2.78071243  0.00003675
2.82996619  0.00003214
2.87925018  0.00002633
2.92855850  0.00002044
2.97779212  0.00001869
3.02478130  0.00001740

