0.02551143  0.00004060
0.07329470  0.00009248
0.11179393  0.00013662
0.17259327  0.00012221
0.21884961  0.00008343
0.26832693  0.00008370
0.30881223  0.00007943
0.36172404  0.00008071
0.41592094  0.00008070
0.48047199  0.00007627
0.53542512  0.00007447
0.59357921  0.00007167
0.65941226  0.00006710
0.71362498  0.00006481
0.76806209  0.00006107
0.81056443  0.00005872
0.87159029  0.00005689
0.93209721  0.00005353
0.97014235  0.00004984
1.02679546  0.00004905
1.07602600  0.00004514
1.14463293  0.00004176
1.19644521  0.00004075
1.26590883  0.00004190
1.30640358  0.00003895
1.36434375  0.00003756
1.40959495  0.00003598
1.47427416  0.00003398
1.52342592  0.00002943
1.55902644  0.00003120
1.62180314  0.00002993
1.65986213  0.00002703
1.71779251  0.00002663
1.76661063  0.00002611
1.82007444  0.00002317
1.87372862  0.00002369
1.93059886  0.00002311
1.97972215  0.00002130
2.04591367  0.00001941
2.08786066  0.00001851
2.14677016  0.00001743
2.19166268  0.00001658
2.24895099  0.00001499
2.31606263  0.00001400
2.35410546  0.00001310
2.41075934  0.00001287
2.45253167  0.00001197
2.51163410  0.00001178
2.55095715  0.00001096
2.60689693  0.00001006
2.66954119  0.00000930
2.71301222  0.00000875
2.76927328  0.00000799
2.81083863  0.00000734
2.86254131  0.00000680
2.92015898  0.00000623
2.96412063  0.00000642
3.01983688  0.00000603
3.04539516  0.00000598

