0.02419485 0.00700228
0.07545704 0.02708626
0.12466873 0.05743595
0.17521127 0.05630952
0.22319864 0.05006309
0.28274267 0.05067244
0.33941068 0.05036185
0.40558550 0.04972305
0.45647487 0.04714748
0.52283610 0.04486250
0.56459147 0.04274949
0.61753133 0.04053596
0.66035190 0.03881276
0.72042851 0.03589949
0.76388819 0.03408643
0.81885191 0.03168540
0.86284418 0.03024441
0.91727530 0.02796599
0.95977631 0.02685098
1.02017248 0.02489225
1.06363216 0.02372592
1.11859588 0.02178670
1.15960562 0.02079527
1.22522122 0.01926312
1.27581766 0.01775587
1.33632035 0.01697554
1.38087185 0.01583405
1.43921754 0.01531396
1.48494962 0.01405650
1.55702735 0.01309033
1.61582575 0.01225772
1.66631567 0.01157825
1.71808382 0.01050995
1.76473906 0.01003706
1.82098100 0.00932346
1.86444068 0.00890367
1.91567623 0.00839609
1.96339667 0.00794758
2.01782779 0.00728747
2.06320480 0.00708743
2.12072497 0.00644311
2.16173472 0.00614991
2.22298304 0.00549536
2.27347296 0.00515355
2.33291047 0.00482880
2.37200287 0.00443555
2.42225846 0.00421991
2.47490006 0.00398799
2.53614838 0.00353970
2.60240309 0.00332749
2.64192157 0.00311097
2.70231775 0.00285492
2.77006372 0.00253041
2.80745183 0.00233491
2.86393343 0.00220297
2.90587522 0.00206775
2.95988026 0.00193456
3.01995688 0.00177398
3.04679962 0.00175080

