-0.09984262  0.00012521
0.02563267  0.00012193
0.07421315  0.00046326
0.11906822  0.00102627
0.17264155  0.00099249
0.22190485  0.00085033
0.27864234  0.00087825
0.34273725  0.00088655
0.39630255  0.00087253
0.46147728  0.00085233
0.51260109  0.00082526
0.55446300  0.00079625
0.61613039  0.00076703
0.66034050  0.00073093
0.71775279  0.00069801
0.76440416  0.00067644
0.80872360  0.00064059
0.86706467  0.00061561
0.91972317  0.00057388
0.98021745  0.00055507
1.02263076  0.00051380
1.07950231  0.00049968
1.13880653  0.00046603
1.20765312  0.00043949
1.26060860  0.00040599
1.31791376  0.00038826
1.37171421  0.00036405
1.42465988  0.00034357
1.47462268  0.00032532
1.53500939  0.00031541
1.57957736  0.00029292
1.63493113  0.00028517
1.67802382  0.00025608
1.74960304  0.00024164
1.79244917  0.00022815
1.85369438  0.00021464
1.91311398  0.00019634
1.96668708  0.00018997
2.01975297  0.00017399
2.06321664  0.00016620
2.11820020  0.00015186
2.15847706  0.00014270
2.21663897  0.00013501
2.26193227  0.00013097
2.31955129  0.00011963
2.35982749  0.00011258
2.41799160  0.00010600
2.46095471  0.00009895
2.51643729  0.00009283
2.55745377  0.00008833
2.62000232  0.00007981
2.66487425  0.00007234
2.71207108  0.00006813
2.75958020  0.00006518
2.81751498  0.00006360
2.86677366  0.00005504
2.92442221  0.00004996
2.99973099  0.00004685
3.02657457  0.00004570

