0.02152301 0.00266033
0.07684050 0.00571999
0.11710590 0.00748828
0.17324003 0.00660688
0.21552929 0.00461739
0.27230382 0.00430036
0.31033104 0.00406343
0.35954274 0.00405180
0.41748898 0.00397904
0.47500914 0.00376415
0.53178368 0.00369474
0.59068859 0.00343264
0.66226924 0.00319570
0.72554142 0.00301948
0.78604411 0.00292369
0.83624998 0.00275215
0.88707721 0.00268210
0.94212969 0.00243880
1.00376858 0.00236372
1.05148902 0.00220826
1.11540031 0.00204984
1.16422854 0.00198639
1.22223869 0.00195972
1.27517855 0.00195747
1.32439024 0.00183877
1.37733010 0.00169047
1.43008355 0.00156769
1.49503340 0.00145279
1.54935800 0.00143695
1.61966042 0.00138086
1.66141580 0.00123523
1.71936204 0.00119564
1.77102367 0.00117128
1.82172663 0.00114083
1.87839465 0.00111622
1.92015002 0.00100018
1.97681804 0.00095481
2.02304721 0.00088875
2.07971522 0.00085272
2.12583787 0.00079449
2.18634057 0.00074933
2.22436779 0.00069006
2.29296591 0.00062481
2.35400119 0.00059041
2.39586309 0.00055205
2.45576218 0.00050622
2.50174280 0.00051244
2.55468266 0.00046216
2.61060504 0.00046095
2.66354490 0.00039528
2.72085202 0.00036443
2.76942461 0.00032607
2.81863630 0.00031441
2.86411984 0.00029266
2.90811211 0.00027397
2.96499317 0.00024669
3.01026367 0.00024165

