# flux / 50 MeV / m^2 / 10^6 POTs @ LAr1ND (110 m)
 
000000 0.00000000
0.05 0.01744449 1.94585283 0.00000000 0.00428229 1.90998482 0.00000000
0.10 0.04326761 3.93569413 0.00000000 0.00681149 1.95840575 0.00000000
0.15 0.05681474 4.88489861 0.00000000 0.00693187 1.23387214 0.00000000
0.20 0.05264157 6.10736778 0.00000000 0.00518849 0.88766217 0.00000000
0.25 0.05038073 7.19737162 0.00000000 0.00440124 0.72724421 0.00000000
0.31 0.05054999 8.07820026 0.00000000 0.00409612 0.63966568 0.00000000
0.36 0.05020236 8.94501544 0.00000000 0.00405265 0.57583106 0.00000000
0.41 0.04966261 9.72617139 0.00000000 0.00399249 0.52905963 0.00000000
0.46 0.04710781 10.28814740 0.00000000 0.00382909 0.47750895 0.00000000
0.51 0.04535700 10.57574623 0.00000000 0.00372324 0.43323111 0.00000000
0.56 0.04301615 10.64560731 0.00000000 0.00357221 0.39359771 0.00000000
0.61 0.04084377 10.50839066 0.00000000 0.00336816 0.36061894 0.00000000
0.66 0.03878051 10.20887558 0.00000000 0.00319985 0.33099632 0.00000000
0.71 0.03631479 9.74807608 0.00000000 0.00305757 0.30548558 0.00000000
0.76 0.03413550 9.14364512 0.00000000 0.00296063 0.27700235 0.00000000
0.81 0.03191660 8.52533644 0.00000000 0.00282968 0.25012691 0.00000000
0.86 0.03017900 7.75601785 0.00000000 0.00271334 0.22686993 0.00000000
0.92 0.02805059 6.99590833 0.00000000 0.00255757 0.20424744 0.00000000
0.97 0.02664584 6.22532683 0.00000000 0.00240960 0.18429078 0.00000000
1.02 0.02499679 5.50440240 0.00000000 0.00232078 0.16591825 0.00000000
1.07 0.02357899 4.77518825 0.00000000 0.00216784 0.14635089 0.00000000
1.12 0.02178554 4.12912865 0.00000000 0.00204562 0.13019015 0.00000000
1.17 0.02056443 3.59032014 0.00000000 0.00198397 0.11513610 0.00000000
1.22 0.01937712 3.05349221 0.00000000 0.00196059 0.10336180 0.00000000
1.27 0.01789383 2.58974930 0.00000000 0.00195764 0.09148384 0.00000000
1.32 0.01715980 2.19613006 0.00000000 0.00184445 0.07995831 0.00000000
1.37 0.01603878 1.87346698 0.00000000 0.00170293 0.06975332 0.00000000
1.42 0.01545203 1.59740022 0.00000000 0.00158248 0.06124335 0.00000000
1.47 0.01434173 1.35605830 0.00000000 0.00148898 0.05415919 0.00000000
1.53 0.01351396 1.15534413 0.00000000 0.00144393 0.04714103 0.00000000
1.58 0.01281783 0.97485665 0.00000000 0.00141548 0.04047833 0.00000000
1.63 0.01210575 0.83292069 0.00000000 0.00135485 0.03490041 0.00000000
1.68 0.01133783 0.71488265 0.00000000 0.00122392 0.03052339 0.00000000
1.73 0.01040120 0.61000393 0.00000000 0.00119118 0.02701044 0.00000000
1.78 0.00984773 0.52130268 0.00000000 0.00116609 0.02401654 0.00000000
1.83 0.00923143 0.45048024 0.00000000 0.00113702 0.02084452 0.00000000
1.88 0.00873609 0.39002113 0.00000000 0.00110799 0.01809860 0.00000000
1.93 0.00824076 0.33650677 0.00000000 0.00099053 0.01592153 0.00000000
1.98 0.00770923 0.29389821 0.00000000 0.00094590 0.01345809 0.00000000
2.03 0.00721662 0.25756226 0.00000000 0.00088185 0.01141436 0.00000000
2.08 0.00684614 0.22590112 0.00000000 0.00084637 0.00967234 0.00000000
2.14 0.00633681 0.19926178 0.00000000 0.00078721 0.00809358 0.00000000
2.19 0.00588588 0.17825058 0.00000000 0.00074917 0.00720158 0.00000000
2.24 0.00539852 0.16034897 0.00000000 0.00067777 0.00598731 0.00000000
2.29 0.00507344 0.14415821 0.00000000 0.00062940 0.00512271 0.00000000
2.34 0.00476771 0.13118920 0.00000000 0.00059887 0.00431922 0.00000000
2.39 0.00435905 0.12057664 0.00000000 0.00055758 0.00375539 0.00000000
2.44 0.00413876 0.11169432 0.00000000 0.00051776 0.00318662 0.00000000
2.49 0.00386631 0.10377061 0.00000000 0.00051106 0.00271932 0.00000000
2.54 0.00351976 0.09758659 0.00000000 0.00047385 0.00235680 0.00000000
2.59 0.00335690 0.09189736 0.00000000 0.00046133 0.00204729 0.00000000
2.64 0.00310187 0.08698826 0.00000000 0.00041944 0.00174205 0.00000000
2.69 0.00288630 0.08236073 0.00000000 0.00037839 0.00147648 0.00000000
2.75 0.00264681 0.07869138 0.00000000 0.00034476 0.00120363 0.00000000
2.80 0.00239160 0.07542030 0.00000000 0.00031963 0.00101914 0.00000000
2.85 0.00224146 0.07210927 0.00000000 0.00030063 0.00090212 0.00000000
2.90 0.00209216 0.06976177 0.00000000 0.00027814 0.00076790 0.00000000
2.95 0.00196102 0.06696531 0.00000000 0.00025429 0.00063908 0.00000000
3.00 0.00182732 0.06442908 0.00000000 0.00024279 0.00059566 0.00000000
