25.50329099 1.44029279
23.41721275 1.48023136
21.50176827 1.52127741
19.74291729 1.57060521
17.87193753 1.62894137
16.41007678 1.67411106
15.06779103 1.72053329
13.83529947 1.76824279
11.91397461 1.80481631
12.70362132 1.81727524
10.75894479 1.83455822
9.88210956 1.92675713
9.02991040 2.02738378
8.17413727 2.11229314
7.50552199 2.17086594
6.89159707 2.23106292
6.32786239 2.30340569
5.72818899 2.38895987
5.25964356 2.45520449
4.76118217 2.55803152
4.37173445 2.62896440
4.01414217 2.70186422
3.63371812 2.81502167
3.33649294 2.89308075
3.06357972 2.97330438
2.81298982 3.05575257
2.58289729 3.14048700
2.37162550 3.22757107
2.17763500 3.31706994
1.99951222 3.40905057
1.83595925 3.50358177
1.68578433 3.60073427
1.54789319 3.70058076
1.42128105 3.80319594
1.30502533 3.90865659
1.19827891 4.01704161
1.08471689 4.18528033
0.99599091 4.30133598
0.91451856 4.44080786
0.82785226 4.60575044
0.74939592 4.79864502
0.68809800 4.93170896
0.63181138 5.09162084
0.57193643 5.28073623
0.52515407 5.42716830
0.48219834 5.57766086
0.44275623 5.73232650
0.40654035 5.89128093
0.37328680 6.05464309
0.34275327 6.22253520
0.31471728 6.39508287
0.28897453 6.57241520
0.26533744 6.75466485
0.24363379 6.94196820
0.22370541 7.13446537
0.20540711 7.33230039
0.18594048 7.63938629
0.17073121 7.85122250
0.15676601 8.06893282
0.14394311 8.29268014
0.13216908 8.52263185
0.11964329 8.87957031
0.10985689 9.12579618
0.10087099 9.37884977
0.09002336 9.63892040
0.08265977 9.90620266
0.07482634 10.27414351
0.06870553 10.60728517
0.06308566 10.90141968
0.05710697 11.35798474
0.05169511 11.77984837
0.04746643 12.16181288
0.04358385 12.49905363
0.03945337 13.02252960
0.03571433 13.56792940
0.03279303 13.94416104
0.03011055 14.39630392
0.02725706 14.93101824
0.02467388 15.55634792
0.02265565 15.98771737
0.02080241 16.50612307
0.01883102 17.11920129
0.01704639 17.83617481
0.01565205 18.33076267
0.01416869 19.09847789
0.01282597 19.80784257
0.01177680 20.45011679
0.01051011 21.50174065
0.00965038 22.19893993
0.00861240 23.34049502
0.00790787 24.20741870
0.00715846 25.10654207
0.00666699 26.03906110
0.00612161 27.00621619
0.00554148 28.00929381
0.00516103 29.04962822
0.00473885 29.99156963
0.00435114 31.53385179
0.00399520 32.70509699
0.00366834 34.23051755
0.00327376 36.32042293
0.00300591 38.18815912
0.00276001 39.60656175
0.00253417 42.21670917
0.00232683 44.59046545
0.00213643 47.52906156
0.00196157 51.82931695
0.00182675 58.61788582
0.00177527 69.07216004
0.00166500 80.56035458
0.00180023 90.80111521
0.00196041 98.56611202
0.00213491 102.69418384
0.00232498 105.54184022
0.00253196 108.46846062
0.00275738 111.47623469
0.00300287 114.56741277
0.00327021 117.74430761
0.00356135 121.00929610
0.00387841 124.36482102
0.00416396 131.35759190
0.00440717 147.55031458
0.00398942 156.91608799
0.00361139 161.26728960
0.00326917 165.73914777
0.00295939 170.33500824
0.00271732 175.05830954
0.00253080 178.27971865
0.00229097 184.90146807
0.00210357 190.02868973
0.00193151 195.29808658
0.00174846 203.47741426
0.00149521 217.87793292
0.00139256 225.97045789
0.00127865 233.29760615
0.00117406 239.76682758
0.00105774 255.56791559
0.00104761 298.41428786
0.00106248 344.49536977
0.00117358 371.40703782
0.00131490 390.50621982
0.00143196 405.01058608
0.00155941 423.90095893
0.00177220 449.78175058
0.00190257 506.38017348
0.00207185 547.18392999
0.00225623 583.24438723
0.00242226 641.83946744
0.00256371 730.88792622
0.00267521 798.83472426
0.00252715 855.36991463
0.00232037 907.59355338
0.00213046 985.20780994
0.00213017 1139.93876659
0.00222265 1352.45901725
0.00225427 1498.54458319
0.00219087 1649.09440755
0.00212923 1839.75832529
0.00206932 2066.54914831
0.00206904 2385.66530477
0.00206883 2661.48959435
0.00206862 2969.20395610
0.00206842 3312.49543549
0.00206821 3695.47736444
0.00206800 4122.73864735

