0.95729459 0.06167789
0.88526805 0.06439990
0.79240027 0.06723802
0.70928524 0.07191161
0.64320773 0.07418429
0.59096027 0.08030525
0.52895933 0.08204739
0.48916133 0.08587482
0.43217614 0.09052467
0.39191957 0.09543085
0.35310023 0.09939815
0.32020516 0.10253951
0.29228147 0.11009398
0.26162026 0.11505658
0.23570767 0.12041812
0.21375153 0.12663923
0.19384060 0.13318173
0.17464084 0.13871842
0.15837330 0.14623657
0.14268718 0.15341993
0.12939666 0.16290707
0.11734372 0.17215007
0.10641269 0.17974107
0.09587303 0.18857022
0.08637739 0.19830987
0.07833135 0.20855507
0.07103479 0.21932955
0.06441772 0.22955285
0.05841756 0.24374788
0.05228912 0.25265871
0.04741910 0.27218554
0.04300176 0.28350434
0.03899615 0.29815090
0.03513361 0.31054576
0.03186097 0.32737646
0.02889334 0.34845848
0.02603159 0.36557529
0.02360679 0.38538843
0.02140782 0.40529858
0.01941362 0.42419020
0.01760527 0.44718010
0.01586155 0.46914627
0.01429056 0.49337767
0.01295948 0.52388702
0.01175223 0.54567281
0.01065761 0.58221224
0.00966483 0.60935008
0.00870758 0.64082301
0.00784516 0.67554574
0.00711440 0.71215841
0.00645171 0.75256478
0.00585077 0.79910167
0.00530574 0.83233222
0.00478024 0.87532218
0.00433498 0.92870462
0.00390563 0.97745622
0.00354183 1.03291502
0.00321193 1.09678813
0.00291276 1.16461102
0.00264146 1.24259589
0.00239542 1.31626287
0.00217229 1.39429717
0.00196997 1.49484181
0.00179817 1.60265598
0.00164136 1.71824615
0.00148850 1.85997459
0.00134986 1.98452252
0.00123215 2.15860767
0.00113949 2.41683490
0.00107462 2.70604987
0.00101345 3.06656226
0.00102686 3.62946495
0.00111051 4.02585843
0.00120096 4.42275264
0.00132442 4.71681288
0.00146055 4.94240261
0.00162120 5.13745454
0.00178783 5.36591206
0.00199743 5.47135788
0.00220270 5.57874270
0.00246096 5.71582303
0.00271385 5.80001494
0.00303203 5.91399134
0.00334361 6.03006360
0.00373562 6.14856069
0.00406611 6.17919212
0.00457264 6.51665222
0.00422871 7.10555534
0.00380983 7.31240670
0.00345488 7.47122002
0.00309240 7.59663886
0.00280430 7.78033155
0.00251010 8.04537154
0.00227624 8.16095509
0.00203743 8.35809394
0.00184760 8.47817021
0.00165376 8.68297181
0.00149968 8.85022159
0.00134234 9.02047763
0.00121729 9.30555891
0.00109672 9.69241387
0.00100238 10.35653436
0.00110397 10.93223322
0.00123342 11.36380940
0.00136017 11.58684372
0.00151964 11.75779411
0.00167579 11.81665208
0.00187226 12.04886174
0.00206466 12.28534139
0.00230673 12.52676128
0.00254376 12.65022556
0.00284198 12.77521156
0.00313408 13.27922685
0.00284214 13.95406436
0.00257736 14.33742829
0.00230696 14.79019241
0.00209202 14.89472200
0.00187253 15.18125906
0.00169807 15.47367763
0.00151992 15.84746512
0.00137831 16.23066927
0.00128297 17.44385554
0.00140564 18.13184462
0.00156024 18.62192977
0.00173184 19.12526141
0.00192230 19.40720083
0.00216646 20.27102607
0.00229247 21.06917853
0.00203864 21.89179093
0.00184872 22.52935642
0.00166560 23.29710558
0.00150062 24.20728149
0.00162281 25.65066596
0.00180130 26.53491165
0.00199112 28.43104802
0.00180143 29.71345108
0.00163365 31.85612793
0.00178991 35.21726563
0.00174394 38.99970791
0.00177855 45.27869243
0.00177487 53.07510557
0.00183908 59.67317570
0.00174449 65.09234922
0.00175723 73.04233149
0.00173340 81.85593741
0.00179101 94.88468401
0.00173372 110.32759216
0.00173391 131.20653544
0.00173410 157.54641904
0.00173429 187.36128842
0.00173449 224.97431211
0.00173467 267.54957196
0.00173487 321.26049846
0.00173506 382.05743599
0.00173924 450.87001917
0.00173944 542.70497181
0.00173966 664.34788358
0.00173582 779.07173692
0.00173602 935.47140706
0.00173621 1112.50467748
0.00173640 1335.84144652
0.00173659 1588.64273821
0.00173679 1907.56484569
0.00173698 2290.51098337
0.00173717 2723.97869522
0.00173736 3239.47799678
0.00173755 3889.80744155

