#sin(2 theta)  Delta M^2
30.28527278 0.37876399
27.80781160 0.39283222
25.53290966 0.40928452
23.44431013 0.42255567
21.52664918 0.43427292
19.76584606 0.44631508
18.14907035 0.45869117
16.66454113 0.47141044
15.30137675 0.48669604
14.04977871 0.50019187
12.90055692 0.51406193
11.84528757 0.53073051
10.87638529 0.54544740
9.98669377 0.56313366
9.16981784 0.57874907
8.41975945 0.59479748
7.73105316 0.61129090
7.09868058 0.62824168
6.51803383 0.64566250
5.98488191 0.66356638
5.49533992 0.68196673
5.04581949 0.70407967
4.63308946 0.72360344
4.25413715 0.74028617
3.90616391 0.76081392
3.58665363 0.78191089
3.29327816 0.80359287
3.02389975 0.82587609
2.77655554 0.84877720
2.54942175 0.88030289
2.34088815 0.90471323
2.14941185 0.92980046
1.97359762 0.95558334
1.81214914 0.99107607
1.66392180 1.01855809
1.52781893 1.04680218
1.40284879 1.07582946
1.28810076 1.10566165
1.18273872 1.13632107
1.08599034 1.17316657
0.99716020 1.20569787
0.91559221 1.24479292
0.84070003 1.27931038
0.77193377 1.31478499
0.70878638 1.36361936
0.65081018 1.40143181
0.59757623 1.44029279
0.54869662 1.48023136
0.50381520 1.52127741
0.46260296 1.57060521
0.40127140 1.65137178
0.37908158 1.67411106
0.34807406 1.72053329
0.31960285 1.76824279
0.29345924 1.82557850
0.26945532 1.87620084
0.24741484 1.92822692
0.22717527 1.99984603
0.20859315 2.05530072
0.19153097 2.11229314
0.17586442 2.17086594
0.16147934 2.23106292
0.14827090 2.29292914
0.13614287 2.35651087
0.12500687 2.42185569
0.11478127 2.50038497
0.10539213 2.58146057
0.09677143 2.65304313
0.08885550 2.73906871
0.08158709 2.82788370
0.07491356 2.90629944
0.06878532 3.01424659
0.06315893 3.09783008
0.05799275 3.18373130
0.05324915 3.27201451
0.04889356 3.36274578
0.04489424 3.45599297
0.04122171 3.58435709
0.03784992 3.68374945
0.03475393 3.78589791
0.03191105 3.90865659
0.02930084 4.01704161
0.02690402 4.14729518
0.02470326 4.28177226
0.02268253 4.42060979
0.02082718 4.54319100
0.01912343 4.71193634
0.01755920 4.84259589
0.01612292 4.97687856
0.01480406 5.13825508
0.01359308 5.30486428
0.01248111 5.50190005
0.01146020 5.65446488
0.01052271 5.86448569
0.00966195 6.05464309
0.00887160 6.25096640
0.00814587 6.48314274
0.00747953 6.69336026
0.00686768 6.94196820
0.00630590 7.16706325
0.00579005 7.43326569
0.00531638 7.74458014
0.00488150 7.99570007
0.00448217 8.29268014
0.00411549 8.63998793
0.00377881 9.00184142
0.00346967 9.37884977
0.00318583 9.77164771
0.00292520 10.18089651
0.00268590 10.60728517
0.00246617 11.05153151
0.00226440 11.61984388
0.00207914 12.16181288
0.00190904 12.78722019
0.00175284 13.50621854
0.00160942 14.26564465
0.00147773 15.13661738
0.00135679 16.43104846
0.00124574 17.99953663
0.00114375 20.17234492
0.00106515 22.50461789
0.00100616 25.27880879
0.00099182 29.18235800
0.00099172 32.55634477
0.00100581 36.56963288
0.00103470 41.92901625
0.00110032 47.96438102
0.00117564 55.49738521
0.00126216 60.65668459
0.00133590 67.20850316
0.00141395 74.46801498
0.00146149 83.64784157
0.00149631 98.56611202
0.00153928 112.24112082
0.00162922 123.51731588
0.00170010 133.16637736
0.00169995 146.54480797
0.00169978 163.48792965
0.00162862 184.90146807
0.00158274 214.91851894
0.00158254 246.41543716
0.00147373 287.39965540
0.00155973 340.59156102
0.00168246 373.10402259
0.00166632 443.67241045
0.00167399 522.79967645
0.00169781 575.32223757
0.00169764 641.83946744
0.00164994 687.26377785
0.00164971 798.83472426
0.00164954 891.19387450
0.00164938 994.23134452
0.00164921 1109.18173330
0.00167263 1263.06900398
0.00167246 1409.10168929
0.00164867 1582.80457594
0.00164850 1765.80423932
0.00164834 1969.96183799
0.00164817 2197.72359626
0.00164800 2451.81856442
0.00167147 2679.75121295
0.00167131 2969.20395610
0.00167114 3312.49543549
0.00164734 3797.95103210
0.00167078 4179.50848939

