0.90853836 1.72663629
0.85305526 1.78293854
0.79922182 1.84264580
0.74878534 1.90313050
0.70153809 1.99451627
0.65726045 2.03142488
0.60780730 2.11495872
0.56945052 2.18508329
0.53351431 2.25753293
0.49984407 2.31845260
0.46830169 2.40508231
0.43874919 2.48961615
0.41239895 2.52676506
0.39529507 2.63210722
0.37034926 2.71937860
0.34697728 2.80413829
0.32295609 2.94938007
0.30390537 3.00567477
0.28534567 3.09241467
0.26733842 3.19494822
0.25046784 3.30724426
0.23466162 3.41690080
0.21985287 3.53019316
0.20331101 3.68007918
0.19048032 3.78991394
0.17845972 3.91557410
0.16719750 4.03761773
0.15664638 4.17953191
0.14676111 4.32643410
0.13749948 4.46988338
0.12882233 4.61808892
0.12069276 4.77120844
0.11307609 4.91992114
0.10594035 5.09284652
0.09925467 5.25158428
0.09258754 5.41348883
0.08712297 5.63808452
0.08162482 5.81381668
0.07647374 6.00658231
0.07164793 6.23368726
0.06712635 6.42385869
0.06289022 6.63685116
0.05892149 6.87012320
0.05520314 7.09791223
0.05171938 7.31914541
0.04845560 7.57639873
0.04539777 7.84269399
0.04253286 8.10273003
0.03984870 8.35528215
0.03733402 8.64895361
0.03497808 8.97020489
0.03277072 9.26762520
0.03070237 9.42852542
0.02914274 9.91168227
0.02730361 10.22061721
0.02558062 10.60024537
0.02396634 10.97282279
0.02245398 11.40232746
0.02103703 11.82584832
0.01975235 12.22453785
0.01846572 12.69619391
0.01730047 13.19315578
0.01620871 13.65686881
0.01518587 14.16413094
0.01422757 14.69023449
0.01332973 15.20656685
0.01248856 15.77138998
0.01170048 16.35719255
0.01096211 16.93211515
0.01030375 17.17649695
0.00987643 17.95299545
0.00925324 18.81809387
0.00866928 19.36729793
0.00812220 20.04801972
0.00760967 20.87290864
0.00711397 21.59259850
0.00667961 22.71321707
0.00625812 23.69335115
0.00586322 24.71578056
0.00549325 25.83202892
0.00514662 26.89490470
0.00482187 28.16375421
0.00451759 29.26615639
0.00423254 30.64687696
0.00396545 31.90786282
0.00371524 33.47762190
0.00348080 34.78802260
0.00326117 36.49947581
0.00305538 38.07452263
0.00286259 39.79409704
0.00268196 41.51131529
0.00251272 43.38610689
0.00235417 45.17125673
0.00220561 47.12051333
0.00206644 49.15388540
0.00193604 51.17635426
0.00177487 53.07510557
0.00169942 55.65270020
0.00159219 58.31570885
0.00149172 60.83218258
0.00139759 63.45724865
0.00130940 66.06823878
0.00122677 68.91925423
0.00114936 72.03188119
0.00107684 75.28508493
0.00100889 78.83688942
0.00094524 83.35501935
0.00088560 89.15631735
0.00083440 99.03875989
0.00088956 107.05541622
0.00094543 116.53498483
0.00100918 124.67527229
0.00107721 131.09230327
0.00114982 137.04557532
0.00122733 143.26920228
0.00131007 151.03056330
0.00127644 171.16175883
0.00121160 180.85919678
0.00113514 187.93849345
0.00106351 194.54415557
0.00099640 202.15911692
0.00093352 207.25930553
0.00087460 212.89776071
0.00081941 219.53352183
0.00076436 225.58306956
0.00071613 232.93117448
0.00067385 236.57179491
0.00063133 243.94544654
0.00059148 250.09984514
0.00055415 255.42384219
0.00051918 260.86117375
0.00048641 266.41425244
0.00045571 272.61001923
0.00042695 278.94987563
0.00040000 284.88801731
0.00037476 291.51341253
0.00035111 297.71900033
0.00032895 308.18322767
0.00030953 313.13398354
0.00030174 340.98536078
0.00028326 348.99529180
0.00032051 360.88498669
0.00034211 365.12260567
0.00036516 370.12206541
0.00038977 375.18998051
0.00041604 379.59557299
0.00044407 384.79320457
0.00047400 391.56723551
0.00050594 396.16513460
0.00054003 400.04588789
0.00057643 407.08843227
0.00061527 407.92181206
0.00065673 411.91773138
0.00070098 415.95279391
0.00074821 416.80432057
0.00079864 424.14188612
0.00085245 424.19249612
0.00090989 430.00077332
0.00097120 432.54380790
0.00103665 436.78091929
0.00110650 441.05953656
0.00118106 441.96246103
0.00126065 448.87765438
0.00134560 449.79658387
0.00143627 455.07822931
0.00153306 461.30941098
0.00163637 468.52731759
0.00174663 470.39146394
0.00186435 484.23532914
0.00199867 496.14950177
0.00222330 502.92725173
0.00212410 503.36970035
0.00200967 542.44543233
0.00188903 574.78022134
0.00175999 614.10102923
0.00165814 618.27175388
0.00155348 629.00590188
0.00145543 639.92641119
0.00136357 652.29146711
0.00127751 662.33951198
0.00119688 675.13764776
0.00112134 686.85907509
0.00105056 698.78400441
0.00098426 720.56424161
0.00092216 756.01356857
0.00086774 804.10740360
0.00092225 880.23997787
0.00098443 943.54243845
0.00104397 1004.59124257
0.00105087 1122.23700408
0.00105093 1235.66853855
0.00105100 1360.56530983
0.00105795 1542.01003915
0.00108597 1689.79671962
0.00112204 1875.69646513
0.00114425 2019.47329945
0.00114431 2181.18267283
0.00112712 2487.88556771
0.00112965 2774.75847379
0.00112972 3055.22072046
0.00112978 3364.03104591
0.00112252 3776.03228282
0.00111285 4052.23745138

