0.69411053 0.00010584
0.69411053 0.00011716
0.69411053 0.00013415
0.69411053 0.00015360
0.69411053 0.00017588
0.69411053 0.00020139
0.69411053 0.00023060
0.69411053 0.00026404
0.69411053 0.00030234
0.69411053 0.00034618
0.69411053 0.00039639
0.69411053 0.00045388
0.69411053 0.00051971
0.69411053 0.00059508
0.69411053 0.00068139
0.68620875 0.00076703
0.67067403 0.00086333
0.67067403 0.00098854
0.64065169 0.00113141
0.60500655 0.00128025
0.56484046 0.00136903
0.53545301 0.00153179
0.56484046 0.00181530
0.59470489 0.00202747
0.63335849 0.00220791
0.67839693 0.00249438
0.67839693 0.00285614
0.63335849 0.00291939
0.59131013 0.00301791
0.59131013 0.00353448
0.62614831 0.00389251
0.66303906 0.00433546
0.69411053 0.00485561
0.08638843 0.00492203
0.09911151 0.00492862
0.10615938 0.00493191
0.11370843 0.00493521
0.12179429 0.00493851
0.13045515 0.00494181
0.13973188 0.00494511
0.14966828 0.00494842
0.16031127 0.00495173
0.17171108 0.00495504
0.18392154 0.00495835
0.19700030 0.00507493
0.09253155 0.00509494
0.08065314 0.00520429
0.07029958 0.00525633
0.07529862 0.00525984
0.21100909 0.00531283
0.22601405 0.00531638
0.06563242 0.00537273
0.24208602 0.00538032
0.05720709 0.00542646
0.06127512 0.00543008
0.05340914 0.00554663
0.69411053 0.00555982
0.04986334 0.00560583
0.25930088 0.00563253
0.04346231 0.00579114
0.04655293 0.00579501
0.27773990 0.00583040
0.29749012 0.00590052
0.04080982 0.00593644
0.03788299 0.00598257
0.67067403 0.00604890
0.31864479 0.00610780
0.34130378 0.00611188
0.36557406 0.00611597
0.39157022 0.00612005
0.41941497 0.00612414
0.44923978 0.00612824
0.48118545 0.00613234
0.51540279 0.00613643
0.55205334 0.00614054
0.59131013 0.00614464
0.63335849 0.00614875
0.03536796 0.00618446
0.03301989 0.00625048
0.03082772 0.00646141
0.02878108 0.00675527
0.02687032 0.00682738
0.02508641 0.00697857
0.02342094 0.00729596
0.02186603 0.00754217
0.02041436 0.00770919
0.01905906 0.00805980
0.01779374 0.00842636
0.01661242 0.00871072
0.01550953 0.00931478
0.01447986 0.00984894
0.01351855 0.01053193
0.01336465 0.01247329
0.01415206 0.01412989
0.01498585 0.01529997
0.01568812 0.01665885
0.01661242 0.01855455
0.01719294 0.02149385
0.01739091 0.02546151
0.01686797 0.02785908
0.01623634 0.03117596
0.01605151 0.03450519
0.01623634 0.04133860
0.01699721 0.04230115
0.01739091 0.04790322
0.01820589 0.05365035
0.01841553 0.06143816
0.01891414 0.07116554
0.01950052 0.07791305
0.01980050 0.08723467
0.02018196 0.10218563
0.02018196 0.11700572
0.02018196 0.13397518
0.01995221 0.15867099
0.01995221 0.18168321
0.02018196 0.20805608
0.02041436 0.23825720
0.01995221 0.26367092
0.02018196 0.28217545
0.02025913 0.33423884
0.02018196 0.40951204
0.02018196 0.46890399
0.02018196 0.53690961
0.02018196 0.61477816
0.02018196 0.70394007
0.02018196 0.80603321
0.02018196 0.92293303
0.01995221 1.05666925
0.01995221 1.20991907
0.01995221 1.38539487
0.02018196 1.61358316
0.02018196 1.81658803
0.02064943 2.15216097
0.02120852 2.57875817
0.02186603 3.12510089
0.02211782 3.70197922
0.02315431 4.24076987
0.02451850 4.85851788
0.02596305 5.56625252
0.02687032 5.95822143
0.02749271 6.76635145
0.02856224 8.17739288
0.02780930 9.41390850
0.02780930 10.77921724
0.02878108 12.41653176
0.03082772 13.59884494
0.03301989 14.72659360
0.03536796 15.76889077
0.03788299 16.50810080
0.03965827 18.28115071
0.03876047 20.46073199
0.03618718 22.37909146
0.03378473 24.75512785
0.03154178 26.77225917
0.02944773 28.30753103
0.02911250 30.28741781
0.02749271 32.75898710
0.02566749 37.48499872
0.02423938 41.70415354
0.02315431 45.36768465
0.02342094 55.59309628
0.02451850 61.56406382
0.02626202 65.92135451
0.02812952 69.01159894
0.03012983 73.89600031
0.03227237 76.49190238
0.03456728 80.07767026
0.03702538 84.78301069
0.03965827 89.76483554
0.04247839 93.97280858
0.04346231 105.22364028
0.04057687 112.52052031
0.03788299 120.32341264
0.03536796 127.22343364
0.03340012 141.54317174
0.03456728 163.04294164
0.03702538 176.56405025
0.03876047 182.72588478
0.03965827 207.50950101
0.03831922 243.63426304
0.03788299 274.25533875
0.03788299 314.03087003
0.03788299 359.57508715
0.03788299 411.72462850
0.03788299 471.43747097
0.03788299 539.81052785
0.03788299 618.09979884
0.03788299 707.74344260
0.03846574 819.70774107
0.03939079 1024.82377257

