0.1 0.550084 0.548986 0.268427 0.268644 0.181489 0.18237 0.26941 0.270085 0.353676 0.353542 0.376914 0.376372 0.180506 0.180929 0.377897 0.377813 0.441597 0.441258 
0.265657 0.54611 0.543092 0.269214 0.269812 0.184676 0.187096 0.271849 0.27369 0.353193 0.352829 0.374958 0.373481 0.182041 0.183218 0.377593 0.377359 0.440367 0.439423 
0.431313 0.542031 0.536975 0.270022 0.271024 0.187947 0.192002 0.274336 0.277395 0.352701 0.352096 0.372962 0.370509 0.183633 0.18563 0.377277 0.376881 0.43909 0.437489 
0.59697 0.537849 0.530645 0.270851 0.272277 0.191301 0.197077 0.27687 0.281192 0.3522 0.351344 0.37093 0.367464 0.185281 0.188163 0.37695 0.376378 0.437769 0.435459 
0.762626 0.533568 0.52412 0.271698 0.27357 0.194734 0.20231 0.279447 0.285067 0.35169 0.350578 0.368864 0.364355 0.186985 0.190813 0.376612 0.375853 0.436403 0.433334 
0.928283 0.529193 0.517418 0.272565 0.274897 0.198242 0.207685 0.282063 0.289008 0.351172 0.349798 0.366765 0.361194 0.188745 0.193574 0.376263 0.375306 0.434992 0.431121 
1.09394 0.524728 0.510563 0.273449 0.276254 0.201823 0.213183 0.284715 0.292998 0.350647 0.349008 0.364638 0.357993 0.190557 0.196439 0.375904 0.374738 0.433539 0.428823 
1.2596 0.52018 0.50358 0.27435 0.277637 0.20547 0.218783 0.287398 0.297022 0.350116 0.348212 0.362485 0.354766 0.192422 0.199398 0.375534 0.374151 0.432044 0.426451 
1.42525 0.515554 0.496498 0.275266 0.279039 0.20918 0.224463 0.290109 0.301061 0.34958 0.347413 0.360311 0.351527 0.194337 0.202442 0.375154 0.373548 0.430509 0.42401 
1.59091 0.510859 0.489348 0.276196 0.280455 0.212946 0.230197 0.292842 0.305096 0.349039 0.346614 0.358119 0.34829 0.196299 0.205556 0.374765 0.372931 0.428936 0.421513 
1.75657 0.506101 0.482162 0.277138 0.281878 0.216761 0.23596 0.295593 0.309109 0.348495 0.34582 0.355912 0.345071 0.198306 0.208729 0.374368 0.372302 0.427327 0.418969 
1.92222 0.50129 0.474974 0.27809 0.283301 0.22062 0.241725 0.298356 0.313081 0.347948 0.345034 0.353696 0.341884 0.200354 0.211945 0.373962 0.371665 0.425684 0.41639 
2.08788 0.496434 0.467815 0.279052 0.284719 0.224514 0.247466 0.301125 0.316995 0.3474 0.34426 0.351475 0.338745 0.202442 0.21519 0.373548 0.371022 0.424011 0.413789 
2.25354 0.491542 0.460718 0.280021 0.286124 0.228437 0.253158 0.303894 0.320834 0.346852 0.3435 0.349253 0.335666 0.204563 0.218448 0.373127 0.370376 0.422309 0.411176 
2.41919 0.486624 0.453713 0.280994 0.287511 0.232381 0.258776 0.306659 0.324582 0.346305 0.342758 0.347036 0.33266 0.206716 0.221705 0.372701 0.369731 0.420583 0.408565 
2.58485 0.481691 0.446829 0.281971 0.288875 0.236338 0.264297 0.309414 0.328226 0.34576 0.342037 0.344826 0.329737 0.208895 0.224946 0.372269 0.369088 0.418836 0.405966 
2.75051 0.476752 0.440089 0.282949 0.290209 0.240299 0.269701 0.312152 0.331754 0.345218 0.341339 0.34263 0.326908 0.211096 0.228157 0.371833 0.368452 0.417071 0.403391 
2.91616 0.471817 0.433517 0.283926 0.291511 0.244257 0.274972 0.314868 0.335156 0.344681 0.340665 0.340452 0.324179 0.213315 0.231327 0.371393 0.367824 0.415292 0.40085 
3.08182 0.466897 0.427132 0.284901 0.292776 0.248203 0.280092 0.317556 0.338425 0.344149 0.340018 0.338295 0.321557 0.215547 0.234443 0.370951 0.367206 0.413502 0.398351 
3.24747 0.462001 0.420948 0.28587 0.294001 0.252129 0.285051 0.320211 0.341556 0.343623 0.339398 0.336165 0.319046 0.217788 0.237496 0.370507 0.366601 0.411705 0.395903 
3.41313 0.457139 0.414979 0.286833 0.295183 0.256028 0.289838 0.322829 0.344544 0.343105 0.338806 0.334066 0.31665 0.220032 0.240477 0.370062 0.36601 0.409906 0.393512 
3.57879 0.452322 0.409232 0.287787 0.296322 0.259892 0.294446 0.325404 0.347388 0.342596 0.338243 0.332001 0.314369 0.222275 0.24338 0.369618 0.365435 0.408108 0.391185 
3.74444 0.447557 0.403714 0.28873 0.297416 0.263713 0.298871 0.327932 0.350087 0.342095 0.337709 0.329973 0.312204 0.224512 0.246199 0.369174 0.364876 0.406314 0.388925 
3.9101 0.442853 0.398427 0.289662 0.298463 0.267486 0.303109 0.330408 0.352644 0.341605 0.337202 0.327987 0.310154 0.226739 0.248929 0.368733 0.364334 0.404528 0.386737 
4.07576 0.438218 0.393373 0.29058 0.299465 0.271203 0.307161 0.33283 0.35506 0.341126 0.336724 0.326044 0.308217 0.228952 0.251567 0.368294 0.363811 0.402753 0.384622 
4.24141 0.433659 0.388551 0.291483 0.300421 0.274858 0.311028 0.335194 0.357338 0.340658 0.336272 0.324149 0.30639 0.231147 0.254112 0.367859 0.363306 0.400993 0.382582 
4.40707 0.429183 0.383956 0.292369 0.301333 0.278448 0.314712 0.337497 0.359483 0.340202 0.335847 0.322301 0.30467 0.23332 0.256561 0.367429 0.36282 0.399251 0.380618 
4.57273 0.424796 0.379584 0.293238 0.3022 0.281966 0.318216 0.339736 0.3615 0.339759 0.335447 0.320505 0.303053 0.235467 0.258917 0.367003 0.362353 0.397529 0.37873 
4.73838 0.420503 0.375429 0.294088 0.303024 0.285408 0.321547 0.341911 0.363393 0.339328 0.335072 0.318761 0.301535 0.237586 0.261178 0.366583 0.361904 0.395831 0.376918 
4.90404 0.416309 0.371485 0.294919 0.303807 0.288772 0.324708 0.344019 0.365169 0.338911 0.334719 0.31707 0.300112 0.239672 0.263346 0.36617 0.361474 0.394158 0.37518 
5.0697 0.412216 0.367744 0.29573 0.304549 0.292053 0.327707 0.34606 0.366833 0.338507 0.334389 0.315434 0.298778 0.241724 0.265424 0.365763 0.361061 0.392513 0.373515 
5.23535 0.408229 0.364197 0.29652 0.305253 0.295251 0.330549 0.348032 0.36839 0.338116 0.33408 0.313852 0.29753 0.243739 0.267412 0.365364 0.360666 0.390897 0.371921 
5.40101 0.40435 0.360837 0.297289 0.305921 0.298361 0.333242 0.349935 0.369848 0.337739 0.333791 0.312326 0.296362 0.245715 0.269315 0.364972 0.360289 0.389313 0.370397 
5.56667 0.400579 0.357656 0.298036 0.306553 0.301384 0.335791 0.35177 0.37121 0.337376 0.33352 0.310854 0.29527 0.247651 0.271134 0.364588 0.359927 0.387761 0.368939 
5.73232 0.39692 0.354644 0.298761 0.307151 0.304319 0.338205 0.353536 0.372484 0.337026 0.333267 0.309438 0.294249 0.249544 0.272872 0.364213 0.359581 0.386243 0.367546 
5.89798 0.393371 0.351792 0.299465 0.307718 0.307164 0.340489 0.355235 0.373674 0.336689 0.33303 0.308076 0.293296 0.251394 0.274534 0.363846 0.359251 0.38476 0.366215 
6.06364 0.389934 0.349094 0.300146 0.308255 0.30992 0.342651 0.356867 0.374786 0.336366 0.332809 0.306767 0.292405 0.253199 0.27612 0.363488 0.358936 0.383313 0.364944 
6.22929 0.386607 0.34654 0.300806 0.308763 0.312587 0.344697 0.358433 0.375824 0.336056 0.332603 0.305512 0.291573 0.25496 0.277636 0.363139 0.358634 0.381901 0.36373 
6.39495 0.38339 0.344123 0.301444 0.309244 0.315166 0.346633 0.359934 0.376793 0.335758 0.33241 0.304308 0.290797 0.256676 0.279083 0.362798 0.358346 0.380526 0.362571 
6.56061 0.380282 0.341835 0.30206 0.3097 0.317658 0.348465 0.361372 0.377699 0.335473 0.332229 0.303155 0.290072 0.258346 0.280466 0.362467 0.358071 0.379187 0.361463 
6.72626 0.377281 0.339669 0.302655 0.310131 0.320064 0.3502 0.362749 0.378544 0.3352 0.332061 0.302051 0.289395 0.25997 0.281787 0.362145 0.357808 0.377885 0.360406 
6.89192 0.374385 0.337618 0.30323 0.31054 0.322385 0.351842 0.364066 0.379334 0.334939 0.331903 0.300995 0.288763 0.261549 0.283048 0.361831 0.357556 0.37662 0.359395 
7.05758 0.371593 0.335675 0.303784 0.310928 0.324624 0.353398 0.365325 0.380072 0.334689 0.331756 0.299986 0.288172 0.263082 0.284254 0.361527 0.357316 0.375391 0.35843 
7.22323 0.368901 0.333833 0.304318 0.311295 0.326781 0.354871 0.366528 0.38076 0.334451 0.331619 0.299022 0.287621 0.264571 0.285406 0.361231 0.357086 0.374197 0.357508 
7.38889 0.366307 0.332088 0.304833 0.311644 0.32886 0.356268 0.367676 0.381404 0.334223 0.33149 0.298101 0.287106 0.266016 0.286508 0.360945 0.356866 0.373039 0.356626 
7.55455 0.36381 0.330433 0.305328 0.311974 0.330862 0.357592 0.368772 0.382006 0.334005 0.33137 0.297222 0.286625 0.267418 0.287561 0.360666 0.356656 0.371916 0.355783 
7.7202 0.361405 0.328863 0.305806 0.312288 0.332789 0.35876 0.369818 0.382568 0.333798 0.331257 0.296384 0.286175 0.268777 0.288569 0.360396 0.356455 0.370827 0.354977 
7.88586 0.359091 0.327373 0.306265 0.312586 0.334643 0.36004 0.370815 0.383094 0.3336 0.331152 0.295585 0.285755 0.270094 0.289533 0.360135 0.356262 0.369772 0.354205 
8.05152 0.356865 0.325959 0.306708 0.31287 0.336428 0.361172 0.371766 0.383585 0.333411 0.331053 0.294823 0.285362 0.27137 0.290456 0.359881 0.356077 0.368749 0.353466 
8.21717 0.354723 0.324615 0.307133 0.313139 0.338144 0.362247 0.372672 0.384045 0.333231 0.330961 0.294097 0.284994 0.272606 0.29134 0.359636 0.355901 0.367758 0.352759 
8.38283 0.352662 0.323337 0.307543 0.313395 0.339795 0.363268 0.373535 0.384475 0.333059 0.330874 0.293406 0.284651 0.273803 0.292187 0.359398 0.355731 0.366799 0.352082 
8.54848 0.350681 0.322123 0.307937 0.313639 0.341383 0.364239 0.374357 0.384878 0.332896 0.330793 0.292747 0.284329 0.274962 0.292999 0.359167 0.355568 0.365871 0.351432 
8.71414 0.348775 0.320967 0.308316 0.313871 0.342909 0.365162 0.37514 0.385255 0.33274 0.330717 0.292119 0.284028 0.276084 0.293778 0.358944 0.355412 0.364971 0.35081 
8.8798 0.346943 0.319867 0.30868 0.314092 0.344377 0.366041 0.375886 0.385608 0.332592 0.330646 0.291522 0.283747 0.277171 0.294525 0.358728 0.355263 0.364101 0.350213 
9.04545 0.345181 0.31882 0.309031 0.314302 0.345789 0.366878 0.376596 0.385938 0.332451 0.330579 0.290953 0.283483 0.278223 0.295242 0.358519 0.355119 0.363259 0.34964 
9.21111 0.343487 0.317822 0.309368 0.314503 0.347146 0.367675 0.377273 0.386248 0.332316 0.330516 0.290411 0.283236 0.279241 0.29593 0.358316 0.35498 0.362443 0.34909 
9.37677 0.341858 0.31687 0.309692 0.314695 0.34845 0.368434 0.377916 0.386538 0.332188 0.330457 0.289896 0.283004 0.280226 0.296591 0.35812 0.354848 0.361654 0.348561 
9.54242 0.340291 0.315963 0.310004 0.314878 0.349705 0.369159 0.378529 0.386811 0.332066 0.330402 0.289405 0.282788 0.28118 0.297227 0.35793 0.35472 0.36089 0.348054 
9.70808 0.338784 0.315097 0.310304 0.315053 0.350912 0.36985 0.379113 0.387066 0.33195 0.33035 0.288938 0.282584 0.282103 0.297838 0.357746 0.354597 0.36015 0.347566 
9.87374 0.337335 0.314269 0.310593 0.315221 0.352072 0.37051 0.379668 0.387305 0.331839 0.330301 0.288493 0.282394 0.282997 0.298425 0.357568 0.354478 0.359435 0.347096 
10.0394 0.335941 0.313479 0.310871 0.315381 0.353188 0.37114 0.380197 0.38753 0.331733 0.330255 0.28807 0.282215 0.283862 0.298991 0.357396 0.354364 0.358742 0.346645 
10.2051 0.3346 0.312724 0.311138 0.315534 0.354262 0.371742 0.3807 0.38774 0.331633 0.330212 0.287667 0.282048 0.2847 0.299536 0.357229 0.354254 0.358071 0.34621 
10.3707 0.333309 0.312001 0.311396 0.315681 0.355295 0.372318 0.38118 0.387938 0.331537 0.330171 0.287283 0.281891 0.285511 0.30006 0.357067 0.354148 0.357421 0.345791 
10.5364 0.332067 0.31131 0.311644 0.315821 0.356289 0.372869 0.381636 0.388124 0.331446 0.330133 0.286918 0.281743 0.286297 0.300566 0.35691 0.354046 0.356792 0.345388 
10.702 0.330871 0.310648 0.311882 0.315956 0.357246 0.373396 0.382071 0.388298 0.331359 0.330097 0.28657 0.281605 0.287058 0.301054 0.356759 0.353947 0.356183 0.344999 
10.8677 0.32972 0.310014 0.312112 0.316085 0.358167 0.373901 0.382484 0.388462 0.331276 0.330063 0.286239 0.281475 0.287795 0.301524 0.356611 0.353852 0.355593 0.344624 
11.0333 0.328612 0.309406 0.312334 0.316209 0.359054 0.374385 0.382879 0.388616 0.331197 0.330031 0.285924 0.281353 0.288509 0.301978 0.356469 0.35376 0.355022 0.344262 
11.199 0.327545 0.308823 0.312547 0.316328 0.359908 0.374848 0.383254 0.388761 0.331122 0.330001 0.285624 0.281239 0.289201 0.302416 0.356331 0.353671 0.354468 0.343913 
11.3646 0.326516 0.308264 0.312753 0.316443 0.360731 0.375293 0.383612 0.388896 0.33105 0.329972 0.285338 0.281131 0.289872 0.302839 0.356197 0.353585 0.353931 0.343576 
11.5303 0.325525 0.307728 0.312951 0.316553 0.361524 0.37572 0.383952 0.389024 0.330982 0.329945 0.285065 0.281031 0.290522 0.303248 0.356067 0.353502 0.353411 0.34325 
11.696 0.32457 0.307212 0.313142 0.316658 0.362288 0.376129 0.384277 0.389144 0.330917 0.32992 0.284806 0.280936 0.291153 0.303643 0.355941 0.353422 0.352906 0.342935 
11.8616 0.323649 0.306717 0.313327 0.31676 0.363024 0.376522 0.384586 0.389257 0.330855 0.329896 0.284559 0.280847 0.291764 0.304026 0.355818 0.353344 0.352417 0.342631 
12.0273 0.322761 0.306241 0.313505 0.316858 0.363734 0.3769 0.384881 0.389363 0.330796 0.329873 0.284323 0.280764 0.292357 0.304396 0.3557 0.353268 0.351943 0.342336 
12.1929 0.321905 0.305784 0.313677 0.316953 0.364418 0.377264 0.385162 0.389463 0.330739 0.329852 0.284099 0.280685 0.292933 0.304754 0.355585 0.353195 0.351483 0.342051 
12.3586 0.321079 0.305343 0.313842 0.317044 0.365079 0.377613 0.38543 0.389557 0.330685 0.329832 0.283885 0.280612 0.293491 0.3051 0.355473 0.353124 0.351036 0.341775 
12.5242 0.320281 0.304919 0.314002 0.317132 0.365716 0.377949 0.385686 0.389645 0.330633 0.329813 0.283681 0.280543 0.294033 0.305436 0.355364 0.353056 0.350603 0.341508 
12.6899 0.319512 0.304511 0.314157 0.317217 0.366331 0.378273 0.385929 0.389728 0.330584 0.329795 0.283487 0.280478 0.294559 0.305762 0.355259 0.352989 0.350182 0.341249 
12.8556 0.318768 0.304117 0.314307 0.317299 0.366925 0.378584 0.386161 0.389806 0.330537 0.329777 0.283301 0.280417 0.29507 0.306077 0.355156 0.352924 0.349774 0.340999 
13.0212 0.318051 0.303738 0.314451 0.317378 0.367498 0.378885 0.386383 0.389879 0.330492 0.329761 0.283124 0.28036 0.295566 0.306383 0.355057 0.352861 0.349377 0.340756 
13.1869 0.317357 0.303372 0.314591 0.317454 0.368052 0.379174 0.386594 0.389948 0.33045 0.329746 0.282956 0.280306 0.296048 0.30668 0.35496 0.3528 0.348992 0.34052 
13.3525 0.316687 0.303019 0.314725 0.317528 0.368587 0.379453 0.386796 0.390013 0.330409 0.329731 0.282795 0.280256 0.296517 0.306969 0.354866 0.352741 0.348617 0.340291 
13.5182 0.316039 0.302678 0.314856 0.3176 0.369105 0.379723 0.386988 0.390074 0.33037 0.329718 0.282642 0.280209 0.296972 0.307248 0.354774 0.352683 0.348254 0.340069 
13.6838 0.315413 0.302349 0.314982 0.317669 0.369604 0.379983 0.387172 0.390131 0.330332 0.329705 0.282496 0.280164 0.297415 0.30752 0.354685 0.352627 0.3479 0.339853 
13.8495 0.314807 0.302031 0.315105 0.317736 0.370088 0.380233 0.387347 0.390185 0.330297 0.329692 0.282356 0.280123 0.297845 0.307784 0.354599 0.352572 0.347556 0.339644 
14.0152 0.314221 0.301723 0.315223 0.317801 0.370555 0.380476 0.387515 0.390236 0.330263 0.32968 0.282223 0.280084 0.298264 0.308041 0.354514 0.352519 0.347222 0.33944 
14.1808 0.313654 0.301426 0.315338 0.317864 0.371008 0.38071 0.387674 0.390283 0.33023 0.329669 0.282096 0.280048 0.298671 0.308291 0.354432 0.352467 0.346896 0.339242 
14.3465 0.313106 0.301139 0.315449 0.317925 0.371446 0.380937 0.387827 0.390328 0.330199 0.329659 0.281975 0.280013 0.299068 0.308534 0.354352 0.352416 0.34658 0.33905 
14.5121 0.312574 0.30086 0.315556 0.317984 0.371869 0.381156 0.387972 0.39037 0.330169 0.329649 0.281859 0.279981 0.299453 0.30877 0.354275 0.352367 0.346272 0.338863 
14.6778 0.31206 0.300591 0.315661 0.318042 0.37228 0.381368 0.388111 0.390409 0.33014 0.329639 0.281748 0.279952 0.299829 0.309 0.354199 0.352319 0.345972 0.338681 
14.8434 0.311561 0.30033 0.315762 0.318097 0.372677 0.381573 0.388244 0.390446 0.330113 0.32963 0.281643 0.279924 0.300195 0.309224 0.354125 0.352273 0.34568 0.338504 
15.0091 0.311078 0.300077 0.31586 0.318152 0.373062 0.381771 0.388371 0.390481 0.330087 0.329621 0.281542 0.279898 0.300551 0.309442 0.354053 0.352227 0.345396 0.338331 
15.1747 0.31061 0.299832 0.315955 0.318204 0.373435 0.381964 0.388492 0.390514 0.330062 0.329613 0.281446 0.279873 0.300898 0.309654 0.353983 0.352182 0.345119 0.338163 
15.3404 0.310156 0.299594 0.316048 0.318256 0.373797 0.38215 0.388608 0.390544 0.330038 0.329605 0.281354 0.27985 0.301236 0.309861 0.353915 0.352139 0.344849 0.338 
15.5061 0.309715 0.299364 0.316137 0.318306 0.374147 0.382331 0.388719 0.390573 0.330015 0.329598 0.281267 0.279829 0.301566 0.310063 0.353848 0.352096 0.344586 0.33784 
15.6717 0.309288 0.29914 0.316224 0.318354 0.374487 0.382506 0.388824 0.3906 0.329993 0.329591 0.281183 0.279809 0.301888 0.31026 0.353783 0.352055 0.34433 0.337685 
15.8374 0.308874 0.298923 0.316309 0.318401 0.374817 0.382676 0.388925 0.390625 0.329972 0.329584 0.281103 0.279791 0.302201 0.310452 0.353719 0.352014 0.34408 0.337533 
16.003 0.308472 0.298712 0.316391 0.318448 0.375137 0.382841 0.389022 0.390648 0.329952 0.329578 0.281027 0.279774 0.302507 0.31064 0.353657 0.351975 0.343836 0.337385 
16.1687 0.308081 0.298507 0.316471 0.318492 0.375448 0.383001 0.389114 0.39067 0.329932 0.329571 0.280954 0.279758 0.302805 0.310823 0.353597 0.351936 0.343598 0.337241 
16.3343 0.307702 0.298308 0.316549 0.318536 0.37575 0.383156 0.389202 0.390691 0.329914 0.329566 0.280884 0.279744 0.303096 0.311001 0.353538 0.351898 0.343366 0.3371 
16.5 0.307334 -nan 0.316624 -nan 0.376042 -nan 0.389286 -nan 0.329896 -nan 0.280818 -nan 0.30338 -nan 0.35348 -nan 0.34314 -nan 
