0.1 0.554739 0.555791 0.267505 0.267296 0.177757 0.176913 0.266533 0.26588 0.354246 0.354375 0.379222 0.379746 0.178728 0.17833 0.37825 0.378329 0.443022 0.443341 
0.265657 0.558473 0.561163 0.266765 0.266232 0.174762 0.172605 0.264209 0.262524 0.354706 0.355039 0.381086 0.382437 0.177318 0.176313 0.37853 0.378729 0.444152 0.444958 
0.431313 0.562097 0.566294 0.266047 0.265215 0.171857 0.168491 0.261939 0.25929 0.355155 0.355679 0.382906 0.385031 0.175964 0.174416 0.378798 0.379106 0.445237 0.446478 
0.59697 0.565609 0.571184 0.265351 0.264246 0.16904 0.16457 0.259725 0.256179 0.355593 0.356295 0.384682 0.387526 0.174666 0.172637 0.379056 0.379459 0.446278 0.447904 
0.762626 0.569011 0.575837 0.264676 0.263323 0.166312 0.16084 0.257567 0.253192 0.35602 0.356886 0.386413 0.389922 0.173421 0.170971 0.379303 0.37979 0.447275 0.449239 
0.928283 0.572303 0.580256 0.264024 0.262447 0.163673 0.157297 0.255467 0.250329 0.356436 0.357453 0.388097 0.392218 0.17223 0.169415 0.37954 0.380099 0.44823 0.450486 
1.09394 0.575485 0.584447 0.263393 0.261616 0.161121 0.153936 0.253423 0.24759 0.356841 0.357996 0.389736 0.394414 0.171091 0.167963 0.379766 0.380388 0.449142 0.451649 
1.2596 0.57856 0.588419 0.262784 0.260829 0.158657 0.150753 0.251437 0.244972 0.357234 0.358514 0.391329 0.396514 0.170003 0.16661 0.379983 0.380657 0.450015 0.452733 
1.42525 0.581528 0.592178 0.262195 0.260083 0.156277 0.147739 0.249508 0.242472 0.357616 0.359009 0.392876 0.398519 0.168964 0.16535 0.380189 0.380908 0.450847 0.453742 
1.59091 0.584392 0.595734 0.261627 0.259377 0.153981 0.144889 0.247636 0.240087 0.357986 0.359482 0.394377 0.400431 0.167972 0.164179 0.380386 0.381141 0.451641 0.45468 
1.75657 0.587153 0.599095 0.26108 0.25871 0.151767 0.142195 0.24582 0.237814 0.358346 0.359932 0.395834 0.402254 0.167027 0.163091 0.380574 0.381358 0.452399 0.455551 
1.92222 0.589815 0.602271 0.260552 0.25808 0.149633 0.139649 0.244059 0.235648 0.358695 0.360361 0.397246 0.403991 0.166126 0.162081 0.380753 0.381559 0.45312 0.45636 
2.08788 0.592379 0.605271 0.260043 0.257484 0.147578 0.137245 0.242352 0.233585 0.359033 0.36077 0.398615 0.405645 0.165268 0.161144 0.380924 0.381746 0.453807 0.45711 
2.25354 0.594849 0.608105 0.259553 0.256921 0.145598 0.134974 0.240699 0.23162 0.35936 0.361159 0.399941 0.40722 0.164452 0.160274 0.381087 0.38192 0.454461 0.457806 
2.41919 0.597227 0.610782 0.259081 0.256389 0.143692 0.132829 0.239098 0.22975 0.359677 0.36153 0.401224 0.40872 0.163675 0.159468 0.381242 0.382081 0.455084 0.458451 
2.58485 0.599516 0.61331 0.258627 0.255887 0.141858 0.130804 0.237548 0.22797 0.359984 0.361883 0.402467 0.410147 0.162936 0.15872 0.381389 0.382231 0.455675 0.459049 
2.75051 0.601718 0.615698 0.25819 0.255412 0.140092 0.12889 0.236049 0.226275 0.360282 0.362219 0.40367 0.411506 0.162233 0.158027 0.381529 0.382369 0.456238 0.459604 
2.91616 0.603837 0.617954 0.257769 0.254963 0.138394 0.127083 0.234598 0.224661 0.360569 0.362539 0.404833 0.4128 0.161566 0.157385 0.381662 0.382498 0.456772 0.460117 
3.08182 0.605875 0.620087 0.257364 0.254539 0.136761 0.125375 0.233194 0.223124 0.360847 0.362844 0.405959 0.414032 0.160931 0.156789 0.381789 0.382618 0.45728 0.460593 
3.24747 0.607836 0.622103 0.256975 0.254137 0.13519 0.12376 0.231836 0.221661 0.361116 0.363134 0.407048 0.415205 0.160328 0.156237 0.381909 0.382728 0.457763 0.461035 
3.41313 0.609721 0.624009 0.2566 0.253758 0.133678 0.122233 0.230523 0.220266 0.361377 0.363411 0.408101 0.416323 0.159756 0.155725 0.382023 0.382831 0.458221 0.461444 
3.57879 0.611535 0.625813 0.25624 0.253398 0.132225 0.120789 0.229253 0.218937 0.361628 0.363675 0.409119 0.417389 0.159212 0.15525 0.382132 0.382927 0.458656 0.461823 
3.74444 0.613279 0.627521 0.255893 0.253058 0.130828 0.119421 0.228025 0.217669 0.361872 0.363926 0.410104 0.418404 0.158696 0.15481 0.382235 0.383016 0.459069 0.462174 
3.9101 0.614957 0.629138 0.255559 0.252736 0.129483 0.118127 0.226837 0.216461 0.362107 0.364166 0.411056 0.419373 0.158206 0.154402 0.382333 0.383098 0.459461 0.4625 
4.07576 0.616571 0.63067 0.255239 0.25243 0.128191 0.1169 0.225689 0.215307 0.362335 0.364395 0.411976 0.420298 0.157741 0.154023 0.382426 0.383175 0.459833 0.462802 
4.24141 0.618123 0.632123 0.25493 0.25214 0.126947 0.115737 0.224578 0.214206 0.362555 0.364614 0.412867 0.42118 0.157299 0.153671 0.382515 0.383246 0.460186 0.463083 
4.40707 0.619616 0.633501 0.254633 0.251865 0.125751 0.114635 0.223504 0.213154 0.362768 0.364823 0.413728 0.422023 0.15688 0.153345 0.382599 0.383312 0.460521 0.463343 
4.57273 0.621052 0.634809 0.254347 0.251603 0.124601 0.113588 0.222466 0.212149 0.362974 0.365023 0.41456 0.422828 0.156482 0.153042 0.382679 0.383374 0.460839 0.463584 
4.73838 0.622435 0.636051 0.254072 0.251355 0.123493 0.112594 0.221461 0.211188 0.363174 0.365214 0.415366 0.423598 0.156105 0.152761 0.382755 0.383431 0.461141 0.463808 
4.90404 0.623765 0.637231 0.253807 0.251119 0.122428 0.11165 0.220489 0.210269 0.363366 0.365396 0.416145 0.424334 0.155746 0.1525 0.382827 0.383484 0.461427 0.464016 
5.0697 0.625045 0.638353 0.253552 0.250894 0.121403 0.110753 0.219549 0.20939 0.363553 0.365571 0.416898 0.425039 0.155406 0.152257 0.382895 0.383534 0.461699 0.464209 
5.23535 0.626278 0.639421 0.253306 0.250681 0.120416 0.109899 0.218639 0.208548 0.363733 0.365739 0.417628 0.425713 0.155083 0.152032 0.38296 0.38358 0.461957 0.464388 
5.40101 0.627465 0.640437 0.25307 0.250477 0.119465 0.109086 0.217759 0.207741 0.363908 0.3659 0.418333 0.42636 0.154777 0.151822 0.383022 0.383624 0.462201 0.464554 
5.56667 0.628608 0.641405 0.252842 0.250283 0.11855 0.108312 0.216906 0.206968 0.364077 0.366053 0.419016 0.426979 0.154486 0.151628 0.38308 0.383664 0.462434 0.464709 
5.73232 0.629709 0.642327 0.252623 0.250098 0.117669 0.107575 0.216081 0.206226 0.364241 0.366201 0.419677 0.427573 0.15421 0.151447 0.383136 0.383701 0.462654 0.464852 
5.89798 0.63077 0.643207 0.252411 0.249921 0.116819 0.106872 0.215282 0.205514 0.3644 0.366343 0.420318 0.428143 0.153948 0.151278 0.383189 0.383736 0.462863 0.464985 
6.06364 0.631792 0.644047 0.252207 0.249752 0.116001 0.106201 0.214509 0.204831 0.364554 0.366479 0.420938 0.42869 0.153699 0.151122 0.38324 0.383769 0.463061 0.465109 
6.22929 0.632778 0.644849 0.25201 0.249591 0.115212 0.10556 0.21376 0.204175 0.364702 0.36661 0.421538 0.429215 0.153463 0.150976 0.383287 0.383799 0.46325 0.465224 
6.39495 0.633728 0.645615 0.25182 0.249437 0.114452 0.104949 0.213034 0.203545 0.364847 0.366735 0.42212 0.42972 0.153239 0.150841 0.383333 0.383828 0.463428 0.465331 
6.56061 0.634644 0.646347 0.251637 0.249289 0.113718 0.104364 0.21233 0.202938 0.364986 0.366856 0.422684 0.430205 0.153026 0.150715 0.383376 0.383854 0.463598 0.465431 
6.72626 0.635528 0.647047 0.251461 0.249148 0.113011 0.103805 0.211648 0.202355 0.365122 0.366973 0.42323 0.430672 0.152824 0.150598 0.383417 0.383879 0.463759 0.465523 
6.89192 0.636381 0.647717 0.25129 0.249013 0.112329 0.10327 0.210987 0.201794 0.365253 0.367085 0.42376 0.431121 0.152632 0.150489 0.383456 0.383902 0.463912 0.465609 
7.05758 0.637205 0.648359 0.251126 0.248883 0.11167 0.102757 0.210346 0.201253 0.365381 0.367193 0.424273 0.431554 0.152449 0.150387 0.383494 0.383924 0.464057 0.465689 
7.22323 0.638 0.648974 0.250966 0.248759 0.111034 0.102267 0.209724 0.200733 0.365504 0.367297 0.424771 0.431971 0.152276 0.150293 0.383529 0.383944 0.464195 0.465763 
7.38889 0.638767 0.649564 0.250813 0.24864 0.11042 0.101796 0.209121 0.200231 0.365624 0.367397 0.425254 0.432372 0.152112 0.150205 0.383563 0.383963 0.464326 0.465831 
7.55455 0.639509 0.65013 0.250664 0.248525 0.109827 0.101345 0.208536 0.199747 0.365741 0.367494 0.425723 0.43276 0.151955 0.150124 0.383595 0.383981 0.46445 0.465895 
7.7202 0.640225 0.650672 0.250521 0.248415 0.109254 0.100913 0.207968 0.19928 0.365854 0.367587 0.426178 0.433133 0.151807 0.150048 0.383625 0.383998 0.464568 0.465954 
7.88586 0.640918 0.651194 0.250382 0.248309 0.1087 0.100497 0.207416 0.198829 0.365964 0.367677 0.42662 0.433494 0.151666 0.149977 0.383654 0.384014 0.464679 0.466009 
8.05152 0.641587 0.651694 0.250248 0.248208 0.108165 0.100098 0.206881 0.198394 0.36607 0.367764 0.427049 0.433842 0.151532 0.149912 0.383682 0.384028 0.464786 0.46606 
8.21717 0.642235 0.652176 0.250118 0.24811 0.107648 0.0997145 0.20636 0.197973 0.366174 0.367849 0.427466 0.434178 0.151405 0.149851 0.383708 0.384042 0.464887 0.466107 
8.38283 0.642861 0.652639 0.249992 0.248015 0.107147 0.0993457 0.205855 0.197567 0.366274 0.36793 0.427871 0.434503 0.151284 0.149794 0.383733 0.384055 0.464982 0.466151 
8.54848 0.643467 0.653084 0.24987 0.247925 0.106663 0.0989909 0.205364 0.197174 0.366372 0.368009 0.428264 0.434817 0.151169 0.149742 0.383757 0.384067 0.465073 0.466192 
8.71414 0.644053 0.653513 0.249753 0.247837 0.106194 0.0986494 0.204887 0.196794 0.366467 0.368085 0.428646 0.435121 0.15106 0.149693 0.38378 0.384078 0.46516 0.466229 
8.8798 0.644621 0.653927 0.249639 0.247753 0.10574 0.0983205 0.204422 0.196426 0.36656 0.368159 0.429018 0.435415 0.150956 0.149647 0.383802 0.384089 0.465242 0.466264 
9.04545 0.645171 0.654325 0.249528 0.247671 0.105301 0.0980037 0.203971 0.19607 0.36665 0.36823 0.429379 0.4357 0.150858 0.149605 0.383822 0.384099 0.46532 0.466296 
9.21111 0.645704 0.654709 0.249421 0.247593 0.104876 0.0976983 0.203532 0.195725 0.366737 0.368299 0.429731 0.435976 0.150764 0.149566 0.383842 0.384108 0.465394 0.466326 
9.37677 0.64622 0.655079 0.249317 0.247517 0.104464 0.0974038 0.203105 0.19539 0.366822 0.368366 0.430073 0.436243 0.150675 0.14953 0.383861 0.384117 0.465464 0.466353 
9.54242 0.64672 0.655437 0.249216 0.247444 0.104064 0.0971197 0.202689 0.195066 0.366905 0.368432 0.430405 0.436502 0.150591 0.149497 0.383879 0.384125 0.465531 0.466378 
9.70808 0.647205 0.655782 0.249118 0.247373 0.103677 0.0968454 0.202285 0.194752 0.366986 0.368495 0.430729 0.436753 0.150511 0.149466 0.383896 0.384133 0.465594 0.466401 
9.87374 0.647675 0.656115 0.249023 0.247304 0.103302 0.0965806 0.201891 0.194447 0.367065 0.368556 0.431045 0.436997 0.150434 0.149437 0.383912 0.38414 0.465654 0.466423 
10.0394 0.648131 0.656437 0.248931 0.247238 0.102937 0.0963247 0.201507 0.194151 0.367141 0.368616 0.431352 0.437233 0.150362 0.149411 0.383927 0.384147 0.465711 0.466442 
10.2051 0.648574 0.656749 0.248842 0.247174 0.102584 0.0960774 0.201133 0.193864 0.367216 0.368673 0.431651 0.437462 0.150293 0.149387 0.383942 0.384153 0.465765 0.46646 
10.3707 0.649003 0.65705 0.248755 0.247111 0.102241 0.0958383 0.200769 0.193585 0.367289 0.36873 0.431942 0.437685 0.150228 0.149364 0.383956 0.384159 0.465816 0.466477 
10.5364 0.64942 0.657342 0.248671 0.247051 0.101909 0.095607 0.200414 0.193314 0.36736 0.368784 0.432226 0.437901 0.150165 0.149344 0.38397 0.384165 0.465865 0.466492 
10.702 0.649825 0.657624 0.248589 0.246993 0.101586 0.0953832 0.200068 0.193051 0.367429 0.368837 0.432503 0.438112 0.150106 0.149325 0.383982 0.38417 0.465911 0.466505 
10.8677 0.650219 0.657897 0.248509 0.246936 0.101272 0.0951665 0.199731 0.192795 0.367496 0.368889 0.432773 0.438316 0.15005 0.149307 0.383995 0.384175 0.465955 0.466518 
11.0333 0.650601 0.658162 0.248432 0.246881 0.100967 0.0949566 0.199402 0.192546 0.367562 0.368939 0.433036 0.438515 0.149997 0.149292 0.384006 0.38418 0.465997 0.466529 
11.199 0.650972 0.658419 0.248357 0.246828 0.100671 0.0947532 0.199081 0.192304 0.367626 0.368988 0.433293 0.438708 0.149947 0.149277 0.384017 0.384184 0.466036 0.466539 
11.3646 0.651333 0.658668 0.248283 0.246776 0.100383 0.0945561 0.198768 0.192068 0.367689 0.369036 0.433543 0.438896 0.149899 0.149264 0.384028 0.384188 0.466073 0.466548 
11.5303 0.651684 0.658909 0.248212 0.246726 0.100104 0.094365 0.198463 0.191839 0.36775 0.369082 0.433787 0.439079 0.149853 0.149252 0.384038 0.384192 0.466109 0.466556 
11.696 0.652025 0.659144 0.248143 0.246677 0.0998317 0.0941796 0.198165 0.191615 0.367809 0.369127 0.434026 0.439257 0.14981 0.149241 0.384048 0.384196 0.466142 0.466563 
11.8616 0.652358 0.659371 0.248075 0.246629 0.0995671 0.0939997 0.197874 0.191398 0.367868 0.369171 0.434259 0.439431 0.149769 0.149231 0.384057 0.384199 0.466174 0.466569 
12.0273 0.652681 0.659592 0.24801 0.246583 0.0993097 0.093825 0.19759 0.191186 0.367924 0.369214 0.434486 0.4396 0.14973 0.149222 0.384066 0.384203 0.466204 0.466575 
12.1929 0.652995 0.659806 0.247946 0.246538 0.0990593 0.0936554 0.197312 0.190979 0.36798 0.369256 0.434708 0.439765 0.149693 0.149214 0.384074 0.384206 0.466233 0.46658 
12.3586 0.653301 0.660015 0.247883 0.246494 0.0988154 0.0934907 0.197041 0.190778 0.368034 0.369297 0.434925 0.439925 0.149658 0.149207 0.384082 0.384209 0.46626 0.466584 
12.5242 0.653599 0.660218 0.247822 0.246452 0.0985781 0.0933306 0.196776 0.190581 0.368088 0.369337 0.435137 0.440082 0.149625 0.149201 0.38409 0.384212 0.466285 0.466587 
12.6899 0.65389 0.660415 0.247763 0.24641 0.0983469 0.0931749 0.196517 0.19039 0.368139 0.369376 0.435344 0.440235 0.149593 0.149196 0.384097 0.384214 0.466309 0.46659 
12.8556 0.654173 0.660607 0.247705 0.24637 0.0981218 0.0930236 0.196264 0.190203 0.36819 0.369414 0.435546 0.440384 0.149563 0.149191 0.384104 0.384217 0.466332 0.466592 
13.0212 0.654448 0.660793 0.247649 0.24633 0.0979024 0.0928764 0.196016 0.19002 0.36824 0.369451 0.435744 0.440529 0.149535 0.149187 0.384111 0.384219 0.466354 0.466594 
13.1869 0.654717 0.660975 0.247594 0.246292 0.0976887 0.0927331 0.195774 0.189842 0.368288 0.369487 0.435937 0.440671 0.149508 0.149183 0.384118 0.384221 0.466374 0.466596 
13.3525 0.654979 0.661152 0.24754 0.246254 0.0974803 0.0925937 0.195538 0.189668 0.368336 0.369522 0.436126 0.44081 0.149483 0.14918 0.384124 0.384223 0.466393 0.466596 
13.5182 0.655235 0.661324 0.247488 0.246218 0.0972772 0.0924579 0.195306 0.189498 0.368382 0.369557 0.436312 0.440945 0.149459 0.149178 0.384129 0.384225 0.466411 0.466597 
13.6838 0.655484 0.661492 0.247437 0.246182 0.0970791 0.0923256 0.19508 0.189332 0.368428 0.369591 0.436493 0.441078 0.149437 0.149176 0.384135 0.384227 0.466428 0.466597 
13.8495 0.655727 0.661656 0.247387 0.246147 0.0968859 0.0921968 0.194858 0.189169 0.368472 0.369624 0.43667 0.441207 0.149415 0.149175 0.38414 0.384229 0.466444 0.466596 
14.0152 0.655964 0.661816 0.247338 0.246113 0.0966974 0.0920712 0.194641 0.189011 0.368516 0.369656 0.436843 0.441333 0.149395 0.149174 0.384145 0.384231 0.466459 0.466596 
14.1808 0.656196 0.661971 0.247291 0.24608 0.0965135 0.0919487 0.194428 0.188856 0.368559 0.369688 0.437013 0.441457 0.149376 0.149173 0.38415 0.384232 0.466474 0.466595 
14.3465 0.656422 0.662123 0.247244 0.246048 0.096334 0.0918293 0.19422 0.188704 0.368601 0.369719 0.437179 0.441577 0.149358 0.149173 0.384155 0.384234 0.466487 0.466593 
14.5121 0.656642 0.662271 0.247199 0.246016 0.0961588 0.0917129 0.194017 0.188555 0.368642 0.369749 0.437342 0.441696 0.149341 0.149173 0.384159 0.384235 0.4665 0.466592 
14.6778 0.656858 0.662416 0.247155 0.245985 0.0959877 0.0915992 0.193817 0.18841 0.368682 0.369779 0.437501 0.441811 0.149325 0.149174 0.384164 0.384237 0.466511 0.46659 
14.8434 0.657068 0.662557 0.247111 0.245954 0.0958205 0.0914883 0.193622 0.188268 0.368721 0.369808 0.437657 0.441924 0.14931 0.149175 0.384168 0.384238 0.466522 0.466588 
15.0091 0.657274 0.662695 0.247069 0.245925 0.0956573 0.09138 0.19343 0.188129 0.36876 0.369836 0.43781 0.442035 0.149296 0.149176 0.384172 0.384239 0.466532 0.466585 
15.1747 0.657475 0.66283 0.247027 0.245896 0.0954978 0.0912742 0.193242 0.187993 0.368797 0.369864 0.43796 0.442143 0.149283 0.149177 0.384175 0.38424 0.466542 0.466583 
15.3404 0.657672 0.662962 0.246986 0.245867 0.095342 0.0911709 0.193058 0.187859 0.368835 0.369891 0.438107 0.442249 0.14927 0.149179 0.384179 0.384242 0.466551 0.46658 
15.5061 0.657864 0.663091 0.246947 0.245839 0.0951896 0.09107 0.192878 0.187729 0.368871 0.369918 0.438251 0.442353 0.149258 0.14918 0.384182 0.384243 0.466559 0.466577 
15.6717 0.658052 0.663217 0.246908 0.245812 0.0950407 0.0909713 0.192701 0.187601 0.368907 0.369945 0.438392 0.442455 0.149247 0.149182 0.384186 0.384244 0.466567 0.466574 
15.8374 0.658235 0.66334 0.24687 0.245785 0.0948951 0.0908748 0.192528 0.187475 0.368942 0.36997 0.438531 0.442554 0.149237 0.149185 0.384189 0.384245 0.466574 0.466571 
16.003 0.658415 0.663461 0.246832 0.245759 0.0947527 0.0907805 0.192357 0.187352 0.368976 0.369996 0.438667 0.442652 0.149228 0.149187 0.384192 0.384246 0.466581 0.466567 
16.1687 0.658591 0.663579 0.246796 0.245733 0.0946134 0.0906882 0.192191 0.187232 0.36901 0.37002 0.4388 0.442748 0.149219 0.14919 0.384195 0.384247 0.466587 0.466564 
16.3343 0.658763 0.663694 0.24676 0.245708 0.0944771 0.0905979 0.192027 0.187114 0.369043 0.370045 0.43893 0.442842 0.14921 0.149192 0.384197 0.384248 0.466592 0.46656 
16.5 0.658931 -nan 0.246725 -nan 0.0943437 -nan 0.191866 -nan 0.369075 -nan 0.439059 -nan 0.149202 -nan 0.3842 -nan 0.466598 -nan 
