0.95070976  0.01653468
0.89226724  0.01700598
0.83743101  0.01763950
0.78595630  0.01819359
0.73764561  0.01876508
0.69230821  0.01940925
0.64975736  0.02007554
0.60981514  0.02064776
0.57233451  0.02135656
0.53715167  0.02196530
0.50413435  0.02265527
0.47315167  0.02349925
0.44406827  0.02423740
0.41677254  0.02499874
0.39114610  0.02549443
0.36710536  0.02636960
0.34454410  0.02735195
0.32337115  0.02845110
0.30349271  0.02926207
0.28483780  0.03018124
0.26733102  0.03121731
0.25089614  0.03201659
0.23547805  0.03330320
0.22100263  0.03425246
0.20741704  0.03522878
0.19467083  0.03664448
0.18270393  0.03768898
0.17147266  0.03876325
0.16093443  0.04020729
0.15104139  0.04135335
0.14175804  0.04277294
0.13304599  0.04436635
0.12486732  0.04563095
0.11719268  0.04719738
0.10998975  0.04881758
0.10322841  0.05020906
0.09688322  0.05178622
0.09092806  0.05341292
0.08533849  0.05493539
0.08009382  0.05698189
0.07517066  0.05877179
0.07055012  0.06061792
0.06621431  0.06287611
0.06214395  0.06466831
0.05832412  0.06669966
0.05473909  0.06879482
0.05137470  0.07115642
0.04821657  0.07318464
0.04525307  0.07569694
0.04247171  0.07829548
0.03986130  0.08098322
0.03741093  0.08329154
0.03511137  0.08590788
0.03295317  0.08860641
0.03092779  0.09164811
0.02902658  0.09426041
0.02724254  0.09749620
0.02556815  0.10084307
0.02399628  0.10342503
0.02252142  0.10697543
0.02113731  0.11096057
0.01983817  0.11476964
0.01861877  0.11837477
0.01747432  0.12209314
0.01640022  0.12592831
0.01539231  0.13061949
0.01444610  0.13434263
0.01355806  0.13817189
0.01272475  0.14291508
0.01194279  0.14865822
0.01120864  0.15289553
0.01051973  0.15814416
0.00987311  0.16311176
0.00926613  0.16728803
0.00869652  0.17205635
0.00816219  0.17998409
0.00766044  0.18511430
0.00718949  0.18985391
0.00674758  0.19581757
0.00633289  0.20311233
0.00594375  0.21187194
0.00557837  0.21791107
0.00523551  0.22539156
0.00491373  0.23312885
0.00461172  0.24113174
0.00432827  0.24940936
0.00406225  0.25797114
0.00381255  0.26607449
0.00357824  0.27598651
0.00335830  0.28465576
0.00315187  0.29359731
0.00295815  0.30367598
0.00277634  0.31410063
0.00260571  0.32580177
0.00244557  0.33793881
0.00229523  0.34757131
0.00215418  0.36051932
0.00202179  0.37394969
0.00189752  0.38678671
0.00178090  0.40006440
0.00167145  0.41496793
0.00156872  0.42921304
0.00147232  0.44772366
0.00138182  0.46178748
0.00129691  0.48034475
0.00121720  0.49823895
0.00114239  0.51534260
0.00107219  0.53605201
0.00100631  0.55917027
0.00094446  0.57836558
0.00088641  0.59991133
0.00083195  0.62932753
0.00078082  0.65277176
0.00073285  0.68477993
0.00068781  0.71028992
0.00064556  0.74511844
0.00060589  0.77945082
0.00056866  0.81077361
0.00053373  0.85293420
0.00050094  0.89728716
0.00047016  0.94394649
0.00044128  0.99303212
0.00041636  1.03149181
0.00040553  1.08062601
0.00038061  1.13201440
0.00036487  1.18925137
0.00034978  1.24234681
0.00033531  1.30424143
0.00032145  1.38672805
0.00030817  1.48382844
0.00029543  1.58101757
0.00028928  1.67752586
0.00028325  1.78495804
0.00027735  1.91002617
0.00027738  2.00961093
0.00027449  2.12631552
0.00027862  2.26393474
0.00028493  2.45583977
0.00028952  2.61331592
0.00030208  2.77711788
0.00031518  2.96580552
0.00032884  3.12291186
0.00034309  3.26290607
0.00035796  3.44789836
0.00037986  3.64659343
0.00039801  3.87464766
0.00041527  4.13790551
0.00041974  4.40941381
0.00041538  4.72847738
0.00039821  5.03818742
0.00038175  5.31164267
0.00036596  5.56447633
0.00035082  5.80470774
0.00033869  6.08109953
0.00032240  6.37046678
0.00030906  6.71623350
0.00029628  7.06080243
0.00029010  7.36595452
0.00027811  7.79321017
0.00027231  8.17605643
0.00026663  8.65067806
0.00026385  9.12724309
0.00025744  9.49478597
0.00025566  10.13171199
0.00025568  10.62990154
0.00025302  11.18387875
0.00025574  11.80051147
0.00025576  12.38075808
0.00026265  13.13779021
0.00026688  13.98022658
0.00027845  14.73119007
0.00029052  15.56638311
0.00030960  16.51946202
0.00032994  17.68002448
0.00035160  18.44732894
0.00037468  19.19366287
0.00039927  19.85773517
0.00042547  20.60287492
0.00045339  21.31570387
0.00048316  22.24079504
0.00051486  22.88071764
0.00054865  23.67235657
0.00058467  24.83960252
0.00062043  26.18219312
0.00064552  27.97279051
0.00062320  29.42909688
0.00061021  30.96211974
0.00057272  32.43450096
0.00054903  34.07445575
0.00052632  35.52044701
0.00050455  37.36915346
0.00048369  39.45308070
0.00047361  41.50827373
0.00046373  43.60891622
0.00046051  45.43073332
0.00045172  48.68282356
0.00045611  52.31833078
0.00045424  55.98611305
0.00046597  59.10812592
0.00046406  63.03795506
0.00047604  65.99183607
0.00047914  70.97957143
0.00047919  74.68029726
0.00047924  78.57397116
0.00048438  82.20690674
0.00048699  86.61614091
0.00048964  92.29844627
0.00047943  97.51861626

