0.00008914  12.20829544
0.00008874  11.15979472
0.00009068  13.71488088
0.00009063  10.28285244
0.00009263  14.80198472
0.00009255  9.50161132
0.00009452  8.90455486
0.00009665  15.96467981
0.00009859  8.26331243
0.00010170  17.31162882
0.00010284  7.72256872
0.00010747  18.63770669
0.00010865  7.17473051
0.00011357  20.16760284
0.00011674  6.66034397
0.00012052  21.95305750
0.00012437  6.22476816
0.00012736  23.68477428
0.00013043  93.62025482
0.00013041  87.48620916
0.00013108  80.72274849
0.00012901  76.39583835
0.00012899  71.39034502
0.00012897  66.71281410
0.00012896  62.34175734
0.00012894  58.25709438
0.00012892  54.44006058
0.00012890  50.87312073
0.00012889  47.53988855
0.00013024  44.42601880
0.00013161  41.51610798
0.00013299  38.57832356
0.00013289  25.45521018
0.00013251  5.83412811
0.00013510  35.19687562
0.00013575  28.00153560
0.00013724  32.75281936
0.00013722  30.60683834
0.00014118  5.48346406
0.00015042  5.15387691
0.00016026  4.83044146
0.00016894  4.50489002
0.00018094  4.15716514
0.00018974  3.81181982
0.00019790  3.44369644
0.00020124  3.06388784
0.00020493  2.79455850
0.00020417  2.56033044
0.00020719  2.37246744
0.00021069  2.16146815
0.00021216  2.03705944
0.00021975  1.90372847
0.00022205  1.77527054
0.00022677  1.66254319
0.00023904  1.45882617
0.00026380  1.31561548
0.00028066  1.23444288
0.00030476  1.12671471
0.00032618  1.06071272
0.00035333  0.97177955
0.00038586  0.91729336
0.00041580  0.88486897
0.00045440  0.82985018
0.00047803  0.78614184
0.00051694  0.76233060
0.00056254  0.72009080
0.00061217  0.67302733
0.00066619  0.64250288
0.00072496  0.60433757
0.00078894  0.57692848
0.00085856  0.54843475
0.00093432  0.52024542
0.00101677  0.49385349
0.00110651  0.47312220
0.00120417  0.45358125
0.00131043  0.43117948
0.00142607  0.40901702
0.00155192  0.39046649
0.00168889  0.37354750
0.00183795  0.35811920
0.00200015  0.34115386
0.00217667  0.32568119
0.00236875  0.30959623
0.00257782  0.29680925
0.00280535  0.28515362
0.00305292  0.27164491
0.00332240  0.26153074
0.00361561  0.24966928
0.00393470  0.23834580
0.00428197  0.22801823
0.00465992  0.21906401
0.00507119  0.20957193
0.00551874  0.20006701
0.00600584  0.19180382
0.00653581  0.18233089
0.00715799  0.17492595
0.00774048  0.16785686
0.00842381  0.16236934
0.00916724  0.15500525
0.00997636  0.14860320
0.01085685  0.14216420
0.01181514  0.13658145
0.01285796  0.13094034
0.01399266  0.12473725
0.01522774  0.11983885
0.01657177  0.11488925
0.01803457  0.11061157
0.01958460  0.10538594
0.02135842  0.10123360
0.02324355  0.09705244
0.02529486  0.09265073
0.02752755  0.08901236
0.02995722  0.08539622
0.03260152  0.08215864
0.03547855  0.07826650
0.03861043  0.07551214
0.04041895  0.07233647
0.04383300  0.07058299
0.04780258  0.06746773
0.05191195  0.06482716
0.05649357  0.06201819
0.06040406  0.05902245
0.06509037  0.05705415
0.07128771  0.05514813
0.07741545  0.05279558
0.08442828  0.05108184
0.09187945  0.04879952
0.09998985  0.04701574
0.10467369  0.04510211
0.11351325  0.04363760
0.12353248  0.04189438
0.13415235  0.04030588
0.14537697  0.03875009
0.15921685  0.03725516
0.17326679  0.03541517
0.18856117  0.03409656
0.20390517  0.03269710
0.22284210  0.03124088
0.24303015  0.03032084
0.25441305  0.02900471
0.27590280  0.02832161
0.30025081  0.02697991
0.32606409  0.02600828
0.35334571  0.02499025
0.36703742  0.02395581
0.39524784  0.02357361
0.43013431  0.02263189
0.46809556  0.02162071
0.50941053  0.02072772
0.55829307  0.01979724
0.60330139  0.01904192
0.64622712  0.01851005
0.67293979  0.01791594
0.72977106  0.01736276
0.79418199  0.01664564
0.86427716  0.01595064
0.93069603  0.01561511
0.95051828  0.01489444
0.00023265  1.60885614
0.00025418  1.37624277

