0.94140049 0.01070379
0.87132716 0.01119730
0.79102423 0.01175109
0.71812215 0.01235617
0.65193884 0.01304283
0.59185510 0.01371443
0.53730877 0.01439272
0.48778952 0.01519255
0.44283404 0.01600581
0.40202174 0.01692805
0.36497076 0.01773090
0.33133446 0.01860782
0.30079814 0.01949034
0.27307609 0.02037521
0.24790896 0.02138291
0.22506126 0.02244046
0.20431925 0.02345927
0.18548886 0.02461951
0.16839390 0.02603805
0.15287445 0.02775248
0.13878529 0.02929476
0.12599461 0.03116321
0.11438274 0.03321510
0.10384104 0.03533360
0.09427088 0.03766008
0.08558272 0.04029552
0.07769528 0.04303196
0.07053476 0.04595424
0.06403416 0.04945660
0.05813267 0.05353603
0.05277507 0.05862926
0.04837673 0.06417688
0.04521083 0.07109544
0.04266262 0.07933503
0.04051838 0.08683238
0.03888085 0.09724284
0.03948702 0.11241057
0.03987067 0.12304473
0.03987067 0.13555521
0.04025805 0.15030698
0.03762345 0.16530586
0.03567495 0.18268769
0.03584783 0.21210183
0.03835809 0.24174610
0.03873077 0.25683187
0.03750239 0.27218254
0.03584783 0.30471479
0.03364097 0.35199158
0.03584783 0.40743017
0.03726143 0.45076834
0.03382736 0.48653456
0.03070977 0.51158714
0.02787951 0.52557266
0.02531009 0.54098718
0.02297747 0.55901482
0.01968411 0.60273446
0.02152573 0.61763442
0.02388354 0.67588425
0.02630815 0.69455873
0.02897889 0.71513279
0.03192076 0.73346988
0.03516128 0.75519655
0.03873077 0.77306235
0.04266262 0.78981974
0.04699363 0.81007191
0.05176432 0.83730448
0.05538913 0.85376292
0.05861223 0.89358501
0.05477970 0.93055006
0.04983147 0.95596938
0.04521083 0.99653545
0.04184555 1.01002193
0.03798900 1.03162239
0.03448787 1.05368479
0.03130941 1.07830528
0.02842388 1.10350105
0.02580429 1.13366803
0.02342613 1.18284425
0.02204478 1.27694110
0.02434989 1.34419573
0.02682184 1.37067631
0.02954473 1.39767855
0.03254404 1.41970322
0.03584783 1.43928491
0.03948702 1.45913667
0.04307713 1.47852521
0.04594745 1.49454778
0.04983147 1.51510937
0.05592728 1.52638033
0.05260155 1.53589274
0.06160488 1.56855378
0.06785887 1.59635966
0.07474774 1.62151515
0.08233595 1.64388039
0.09069451 1.66978471
0.10586864 1.69953011
0.09917977 1.73539647
0.09667534 1.83324360
0.09069451 1.87190272
0.08233595 1.91193547
0.07474774 1.95282437
0.06804659 2.04431793
0.06894025 2.15572058
0.07331617 2.27119202
0.08075906 2.37498070
0.08895753 2.47870734
0.09798829 2.59700358
0.10793583 2.69994917
0.11889322 2.80154474
0.13096298 2.89572562
0.14286994 3.02508047
0.13096298 3.16961911
0.12332258 3.32812162
0.11512243 3.47436384
0.12495473 3.56649776
0.13878529 3.83485358
0.15238253 4.05498339
0.14188663 4.50247271
0.14707481 5.02961618
0.14425804 5.50518810
0.14081280 6.07450407
0.14286994 7.03559452
0.14994659 7.85221152
0.14788966 9.04192109
0.15140344 10.49923883
0.14802591 11.45489996
0.14994659 13.31012150
0.15585947 15.16975486
0.15585947 16.23363639
0.14946410 18.29172606
0.15585947 19.89424989

