0.00127117  13.95794087
0.00126597  12.90318903
0.00126574  12.17663245
0.00126553  11.52804492
0.00129134  15.30502552
0.00128992  10.70581921
0.00132316  16.32423139
0.00131480  9.97430113
0.00134275  17.46694223
0.00134019  9.38296342
0.00139596  18.78151772
0.00139270  8.77054651
0.00141965  8.35752157
0.00145129  20.29279992
0.00147532  7.89421040
0.00150875  21.61030003
0.00153315  7.43261371
0.00156854  23.23670781
0.00163069  24.98552029
0.00161652  7.01523904
0.00165579  6.69574524
0.00169528  26.73650954
0.00172874  28.79333277
0.00176900  96.31408673
0.00176869  90.89080467
0.00176839  86.04951193
0.00177470  77.97668929
0.00176743  72.08426884
0.00176711  68.02532652
0.00176680  64.19493633
0.00176649  60.58022888
0.00176621  57.53838907
0.00174890  54.12234959
0.00174859  51.07481233
0.00174828  48.19887670
0.00176492  45.34000844
0.00176460  42.78698984
0.00176970  31.08872931
0.00174587  6.37082458
0.00178138  40.11973797
0.00178106  37.86066391
0.00178074  35.72879445
0.00178043  33.71696693
0.00179694  6.07098788
0.00189473  5.81370168
0.00200743  5.48731748
0.00209416  5.13914490
0.00221022  4.88820086
0.00225302  4.67302624
0.00234140  4.43891144
0.00243314  4.14918800
0.00251856  3.80412381
0.00256449  3.47077780
0.00260149  3.29134751
0.00260103  3.10601734
0.00262583  2.94066266
0.00262539  2.78402846
0.00266552  2.53596242
0.00271409  2.30259465
0.00276645  2.15217899
0.00283354  2.02461462
0.00288836  1.92306912
0.00300155  1.80334929
0.00305955  1.70190661
0.00317957  1.61534170
0.00330423  1.52456524
0.00343381  1.44236896
0.00358223  1.35738996
0.00378075  1.29110871
0.00398627  1.21273590
0.00410287  1.15565966
0.00430550  1.12281799
0.00441019  1.07860508
0.00467288  1.04461537
0.00495082  0.98597013
0.00524550  0.94268025
0.00555772  0.90129104
0.00577598  0.86723464
0.00611986  0.83317217
0.00648429  0.80302898
0.00687024  0.76777129
0.00727931  0.73880388
0.00771274  0.71092939
0.00817198  0.68410658
0.00865864  0.66041874
0.00917420  0.63550166
0.00972036  0.60955888
0.01029913  0.58656070
0.01091259  0.56807662
0.01156246  0.54840643
0.01225156  0.53671168
0.01303139  0.51771678
0.01375421  0.49978443
0.01464444  0.48874022
0.01544119  0.46577264
0.01636109  0.45254966
0.01741932  0.43653465
0.01828031  0.42928119
0.01909030  0.41406507
0.02022728  0.40037171
0.02143236  0.38931868
0.02259919  0.37522803
0.02406156  0.36516836
0.02549431  0.35167381
0.02688316  0.34251107
0.02807454  0.33116932
0.04726073  0.25678998
0.05007624  0.24949989
0.05305947  0.24241676
0.05621988  0.23477756
0.05956971  0.22884804
0.06281208  0.21967939
0.06818059  0.21328690
0.07224095  0.20590164
0.07654463  0.20005623
0.08110469  0.19437677
0.08593642  0.18885854
0.09105598  0.18349697
0.09835865  0.17601660
0.10421723  0.17046985
0.11477023  0.16300454
0.12160634  0.15786783
0.12885217  0.15388073
0.13652706  0.14903154
0.14466336  0.14573609
0.15327699  0.14023758
0.16241150  0.13713659
0.17208104  0.13175026
0.18145680  0.12862779
0.19319485  0.12437584
0.21275034  0.11759640
0.22543139  0.11536691
0.23886830  0.11317970
0.26304562  0.10683839
0.28414320  0.10264817
0.29962017  0.09973258
0.31901457  0.09768583
0.34460285  0.09400579
0.36512137  0.09045903
0.38687690  0.08817440
0.40992872  0.08594748
0.45142903  0.08165609
0.47831771  0.07908289
0.50682798  0.07758358
0.54747003  0.07418160
0.59137989  0.07127218
0.62660761  0.06913742
0.66394363  0.06739129
0.71721297  0.06527148
0.75991764  0.06280884
0.80520481  0.06141998
0.02999151  0.32408305
0.03128849  0.31957864
0.03405314  0.31075678
0.03552422  0.30213915
0.95004989  0.05682293
0.88533761  0.05843857
0.04327772  0.27001647
0.03976589  0.28163228

