0.01367969  1.98268286
0.01380729  1.75440455
0.01380974  1.85908654
0.01381575  2.14203192
0.01407384  1.64508736
0.01408914  2.34425469
0.01434582  1.55254730
0.01436694  2.50839178
0.01462305  1.46521283
0.01493608  2.68850497
0.01519588  1.36737672
0.01552768  2.87691583
0.01579086  1.26890346
0.01614223  3.04893728
0.01640988  1.19470711
0.01678136  3.24688804
0.01705329  1.12756882
0.01771756  3.46119624
0.01783667  1.06937674
0.01841777  1.02234403
0.01849045  3.69130083
0.01922241  3.92147562
0.01951364  0.97118298
0.01998379  4.19629326
0.02067431  0.91666027
0.02077609  4.54491604
0.02159933  4.88696991
0.02190401  0.86519849
0.02202549  5.25022781
0.02202898  5.52778775
0.02246267  5.85796750
0.02290717  6.41100054
0.02320754  0.82455205
0.02335862  6.83782629
0.02382556  7.98111252
0.02391241  7.41629087
0.02405966  8.29576059
0.02406394  8.79075290
0.02406822  9.31528047
0.02430591  9.83966562
0.02430999  10.39326204
0.02440979  11.21392148
0.02458865  0.78581515
0.02479741  12.36765042
0.02540853  13.19124800
0.02605221  0.75131325
0.02639068  14.33550094
0.02760260  0.71601706
0.02786363  15.40024979
0.02924613  0.68900230
0.02953145  16.32205496
0.03098721  0.66087549
0.03129910  17.29903617
0.03283227  0.63594117
0.03304287  18.01826092
0.03448546  19.43078348
0.03478684  0.60998045
0.03654784  20.26496018
0.03685814  0.58696637
0.03873279  20.99928683
0.03905276  0.56482059
0.04026665  22.41672237
0.04066622  24.04354857
0.04107066  25.97593866
0.04137806  0.54351035
0.04269700  27.70698287
0.04353847  29.55163312
0.04384268  0.52638290
0.04439695  31.62074240
0.04615570  33.89124608
0.04645365  0.50815639
0.04798506  36.55945079
0.04893074  38.99347257
0.04922010  0.49056100
0.05086883  41.72614135
0.05215079  0.47205252
0.05391526  44.65296203
0.05525762  0.45865127
0.05714244  47.32573240
0.05854837  0.44277003
0.06056278  50.15848546
0.06203572  0.42881718
0.06418406  52.14366237
0.06573078  0.41530401
0.06802253  54.38222512
0.06964593  0.40221668
0.07208914  56.35283433
0.07379428  0.38954176
0.07639961  58.58317172
0.07818895  0.37605351
0.08096943  61.29522575
0.08284615  0.36420307
0.08548387  64.67119955
0.08586854  79.31766363
0.08630258  85.00419323
0.08668572  74.61301558
0.08751154  70.41377015
0.08758244  91.68964809
0.08778162  0.35386359
0.09300928  0.34161073
0.09855021  0.33191263
0.10442020  0.32145318
0.11064092  0.31232735
0.11723107  0.30248508
0.12421376  0.29295297
0.13161236  0.28372125
0.13945303  0.27566659
0.14775787  0.26612138
0.15656348  0.26023679
0.16588566  0.25041826
0.17576812  0.24330905
0.18623932  0.23640167
0.19733432  0.22969039
0.20909030  0.22316963
0.22154663  0.21683400
0.23474503  0.21067823
0.24872479  0.20338330
0.26354751  0.19888600
0.27924255  0.19199938
0.29587520  0.18594897
0.31350165  0.18067001
0.33218145  0.17610702
0.35196732  0.17055742
0.37293539  0.16571541
0.39515261  0.16101086
0.41869340  0.15643987
0.44363661  0.15199865
0.47006578  0.14768351
0.49806944  0.14349087
0.52774138  0.13941726
0.55918101  0.13545930
0.59249361  0.13161370
0.62779077  0.12787728
0.66519073  0.12424693
0.70481178  0.12033158
0.74680018  0.11691545
0.79129781  0.11396264
0.83842195  0.11001657
0.88837881  0.10723800
0.93229129  0.10554105

