
0.86303899  0.10861840
0.79896638  0.11341693
0.73962865  0.11728902
0.68471811  0.12247059
0.63387478  0.12726494
0.58680678  0.13224697
0.54323380  0.13742403
0.50289630  0.14280376
0.46555403  0.14839410
0.43098460  0.15420327
0.39898209  0.16023986
0.36935591  0.16651276
0.34192961  0.17303122
0.31654218  0.18023959
0.29303536  0.18684368
0.27128222  0.19556971
0.25113646  0.20273551
0.23249192  0.21169192
0.21522837  0.21997901
0.19924671  0.22859051
0.18445177  0.23753913
0.17075541  0.24683806
0.15807958  0.25836598
0.14634039  0.26783267
0.13547598  0.27966493
0.12541722  0.29131558
0.11610616  0.30418526
0.10748557  0.31685741
0.09950429  0.32926141
0.09211770  0.34463869
0.08527819  0.35899611
0.07894649  0.37395165
0.07308599  0.39141607
0.06766004  0.40870796
0.06263691  0.42676378
0.05798670  0.44561726
0.05368173  0.46530365
0.04969673  0.48703442
0.04600755  0.50978007
0.04259255  0.53487807
0.03943103  0.56121172
0.03650446  0.59026553
0.03379534  0.62232443
0.03128728  0.65612454
0.02896556  0.69343292
0.02681613  0.73286272
0.02482676  0.78016603
0.02298496  0.83052258
0.02128028  0.89055774
0.01970246  0.96187570
0.01841832  1.03226700
0.01738516  1.11141519
0.01641028  1.20436260
0.01549000  1.30298385
0.01490657  1.41089964
0.01434539  1.53762298
0.01407412  1.65571513
0.01380865  1.81181145
0.01367929  1.96362375
0.01381615  2.16282268
0.01408955  2.36700824
0.01464813  2.56159356
0.01522912  2.78783935
0.01614279  3.08349061
0.01711023  3.34255053
0.01813546  3.61172775
0.01940999  3.98844491
0.02037541  4.31992790
0.02118387  4.72423518
0.02202506  5.21652744
0.02246179  5.78300616
0.02290678  6.37497878
0.02335793  6.77209570
0.02381938  7.33427827
0.02382626  8.05857794
0.02406109  8.45758097
0.02406679  9.13704957
0.02430639  9.90323287
0.02440791  10.93580029
0.02479766  12.40753551
0.02578184  13.61253041
0.02680415  14.76719667
0.02868543  15.85445438
0.03099708  17.09091512
0.03317289  18.39362395
0.03550177  19.85946821
0.03836046  20.99866463
0.04026456  22.04098014
0.04066260  23.35681570
0.04139000  26.12754057
0.04353836  29.52785537
0.04526588  32.29140304
0.04706056  34.97413230
0.04892820  38.33987593
0.05086933  41.86070619
0.05444179  45.52532922
0.05882776  48.72152564
0.06356660  52.01635532
0.06868412  54.73517271
0.07421254  57.31860053
0.08018891  60.75309188
0.08581343  64.33965719
0.08835570  69.06857758
0.08668572  74.61301558
0.08629363  82.17844704
0.08757985  90.80825470
0.09104789  96.85974357
