0.00011418 43.31227631
0.00011772 1.02403285
0.00012613 24.28289388
0.00014487 13.72428279
0.00015783 1.08783309
0.00016266 23.38093674
0.00017235 1.08081007
0.00018143 13.25665823
0.00018639 1.05748092
0.00018733 5.29463654
0.00019022 22.70609993
0.00020556 1.01879015
0.00022005 1.13198792
0.00021586 1.00924966
0.00022460 0.82877519
0.00024265 1.13623018
0.00025749 0.90286589
0.00032291 1.05598813
0.00035590 18.22780064
0.00042382 1.02234378
0.00046277 1.05718525
0.00047640 32.86712446
0.00048118 1.09677997
0.00048604 0.99392644
0.00051489 39.35596796
0.00054116 1.04794357
0.00054547 55.07793950
0.00056786 37.60627591
0.00060308 0.80321291
0.00064046 13.64921630
0.00065170 1.01446157
0.00070242 1.02568463
0.00070519 0.81268763
0.00075093 1.03600022
0.00076250 0.84041434
0.00076976 0.93049006
0.00077699 30.22410955
0.00081248 0.85850548
0.00082459 23.05144259
0.00091837 0.78167124
0.00092498 53.41495133
0.00099228 1.03281519
0.00120448 53.03564797
0.00124271 0.98441452
0.00125395 35.98973701
0.00127724 53.35138582
0.00141109 1.00228179
0.00142537 25.48891670
0.00165002 1.01410473
0.00174696 48.74189664
0.00175595 8.46761725
0.00182041 0.85683174
0.00183461 47.69497193
0.00194983 22.23664310
0.00198690 1.01340972
0.00206367 42.85213753
0.00219225 0.83457447
0.00231982 0.88027689
0.00239398 0.82833670
0.00253685 29.57243753
0.00254933 5.54809690
0.00261409 0.84176488
0.00263599 38.52245639
0.00266949 1.01230600
0.00281750 0.85195049
0.00279788 0.99975341
0.00305648 0.87291341
0.00305394 32.50895795
0.00311533 1.03057538
0.00330542 0.85144854
0.00333634 0.99910428
0.00343780 0.80795096
0.00360742 29.08327801
0.00360937 0.86170987
0.00417974 0.85071151
0.00447322 1.03980771
0.00447591 0.84701554
0.00483976 0.86786747
0.00507941 1.05110888
0.00531653 0.84370493
0.00549271 29.51851110
0.00551342 8.17651999
0.00560428 0.87096276
0.00560550 0.80897926
0.00607928 8.41163515
0.00618021 0.86000144
0.00649504 18.40713704
0.00681440 0.88927820
0.00687485 34.46838051
0.00695661 5.64789554
0.00694510 1.07605295
0.00715676 0.85164058
0.00747433 5.50914672
0.00797021 0.82551453
0.00803488 5.58960109
0.00853541 0.80772505
0.00868192 5.83151394
0.00969137 0.83770466
0.00980348 13.06292477
0.01048058 0.82046375
0.01047567 27.01806796
0.01138000 0.84459871
0.01218549 5.79444075
0.01218244 0.85363882
0.01257130 0.81655735
0.01292240 5.70476657
0.01343398 0.85123350
0.01439167 0.81328585
0.01549737 0.81760202
0.01564904 23.25102451
0.01610460 1.03066835
0.01665876 0.84430184
0.01659541 22.89119400
0.01741596 1.01152827
0.01800316 0.83408025
0.01815352 12.67738998
0.01871195 0.98870408
0.01920307 29.38249035
0.01955699 0.83553717
0.01959009 25.66117687
0.02036699 0.98637010
0.02044147 0.86326593
0.02061579 12.36342314
0.02044418 7.62024446
0.02202205 1.02002239
0.02203536 0.83004711
0.02272864 13.30589897
0.02286657 47.44722280
0.02331929 12.29713110
0.02382822 0.83151099
0.02404602 29.41838269
0.02479630 18.31636813
0.02481897 13.41113862
0.02526245 0.89686439
0.02572066 43.15731216
0.02628421 5.52427526
0.02695397 1.02030767
0.02687918 0.86593851
0.02761619 17.42979140
0.02743988 5.51660627
0.02829941 0.79014886
0.02868464 25.83615492
0.02878833 1.02089690
0.03011597 0.98494747
0.03060858 12.80962122
0.03072918 0.80268053
0.03012630 24.59091734
0.03162130 28.76262644
0.03222138 37.24044671
0.03193347 1.00926786
0.03248512 12.24186486
0.03322884 0.80864364
0.03404906 29.40648108
0.03487141 1.00687323
0.03600208 0.81539730
0.03679488 5.49934863
0.03884805 0.87009894
0.04041005 0.78358212
0.04038284 27.66689159
0.04228739 0.84520917
0.04372815 17.40025721
0.04409734 0.98963208
0.04562222 0.84324145
0.04412758 0.78332769
0.04625685 40.16365119
0.04912283 0.87471061
0.04913524 0.80252487
0.04915179 20.07755280
0.04970229 12.63036122
0.05127426 1.01610183
0.05347120 0.85318102
0.05210430 0.80235115
0.05374652 12.62671581
0.05406422 47.49118553
0.05467236 1.04728835
0.05721116 0.82785719
0.05798717 0.98055627
0.06087757 1.06746772
0.06172305 0.82520430
0.06408755 12.80096321
0.06394356 0.98221470
0.06614682 5.85963738
0.06746211 0.83319145
0.07050585 1.01253250
0.07130151 17.36889279
0.07222229 0.82947525
0.07337826 0.76598884
0.07888380 0.84598867
0.08003215 1.15518095
0.08325985 0.99953699
0.08493637 0.87833196
0.08496089 0.79599272
0.08785160 5.47609854
0.08835787 0.77176870
0.08973518 1.02415603
0.09246163 0.83588798
0.09734313 1.06234758
0.09737036 0.96572387
0.09788290 0.85390221
0.10207700 1.71629742
0.10290787 0.99875586
0.10739799 0.89117340
0.11439203 0.82429310
0.11631868 1.01815255
0.11386951 0.94073982
0.12317905 0.83243912
0.12577891 1.03046011
0.13309354 1.09876712
0.13318462 0.87015781
0.13376999 5.47321771
0.14201780 0.97092819
0.14487066 0.86694938
0.14358696 0.80264071
0.14773682 1.07018130
0.14714304 12.84051646
0.15637764 0.90267354
0.15486692 0.80110142
0.15873271 1.04104032
0.16869829 0.95139615
0.16745865 0.81679309
0.17275884 1.06664312
0.17123317 0.78262139
0.18565913 0.96046773
0.20004296 1.08147975
0.21576682 1.06445798
0.22283654 0.96179137
0.23034560 0.79796260
0.23071715 12.92480820
0.23623496 1.05887776
0.24172768 0.99970531
0.24907068 0.81760694
0.25880969 1.05852122
0.25888129 0.96323268
0.26931672 0.83902435
0.27986884 1.05821570
0.27994543 0.96394255
0.29121462 0.85484505
0.29878097 0.79133336
0.30267432 1.01957162
0.30374407 0.93031847
0.32250784 0.82839506
0.31502608 0.75410953
0.32727908 1.04467156
0.32736865 0.95160501
0.34796320 0.83488621
0.34062879 0.77744256
0.35394625 1.00807135
0.37605410 0.84408948
0.37895092 1.07451713
0.38279666 0.96381792
0.38297626 0.82134744
0.41405782 0.87770097
0.41414996 0.81356783
0.42620360 1.01411693
0.44718294 0.83911355
0.46447396 1.03564889
0.46724081 0.80904738
0.48500163 0.96021592
0.48581432 0.84626199
0.51253127 0.82349892
0.52338481 0.99583803
0.52872335 0.87780919
0.54948087 1.07892892
0.56596203 1.00169428
0.56625822 0.83801454
0.61600743 1.00652814
0.61233975 0.83519957
0.66175932 1.02921898
0.64274420 0.96791295
0.66499761 0.81321878
0.70179767 1.00398301
0.71184619 0.83885407
0.77430935 0.83447661
0.83737475 0.81395689
0.18622403 0.78647023
0.20195209 0.77298715
0.21030222 0.77287160
0.20737780 0.91607394
0.19125577 0.88572739
0.18368019 0.85625811
0.20741914 0.85587416
0.23108415 0.85553301

